0 0 0 ....MM.....BAA.C.B...CDD............
2 1 1 ...CMM...C.BAA...B....DD............
2 1 1 ....MM.....BAA...B...CDD...C........
2 1 1 ....MM.....BAA...B....DD...C.....C..
3 1 2 ...MM......BAA.C.B...CDD............
3 1 2 ..MM.......BAA.C.B...CDD............
3 1 2 .MM........BAA.C.B...CDD............
3 1 2 MM.........BAA.C.B...CDD............
3 1 2 ....MM.....B.AAC.B...CDD............
3 1 2 ....MM...C.BAA.C.B....DD............
3 2 1 ...CMM...C.B..AA.B....DD............
3 2 1 ...CMM...C.B...AAB....DD............
3 2 1 ...CMM...C.BAA...B...DD.............
3 2 1 ...CMM...C.BAA...B..DD..............
3 2 1 ...CMM...C.BAA...B.DD...............
3 2 1 ...CMM...C.BAA...BDD................
3 2 1 ....MM.....B..AA.B...CDD...C........
3 2 1 ....MM.....B...AAB...CDD...C........
3 2 1 ....MM.....B..AA.B....DD...C.....C..
3 2 1 ....MM.....B...AAB....DD...C.....C..
3 2 1 ....MM.....BAA...B...DD....C.....C..
3 2 1 ....MM.....BAA...B..DD.....C.....C..
3 2 1 ....MM.....BAA...B.DD......C.....C..
3 2 1 ....MM.....BAA...BDD.......C.....C..
3 2 1 ...MMB.....BAA.C.....CDD............
3 2 1 ...MM......BAA...B...CDD...C........
3 2 1 ...MM......BAA...B....DD...C.....C..
3 2 1 ..MM.B.....BAA.C.....CDD............
3 2 1 ..MM.......BAA...B...CDD...C........
3 2 1 ..MM.......BAA...B....DD...C.....C..
3 2 1 .MM..B.....BAA.C.....CDD............
3 2 1 .MMC.....C.BAA...B....DD............
3 2 1 .MM........BAA...B...CDD...C........
3 2 1 .MM........BAA...B....DD...C.....C..
3 2 1 MM...B.....BAA.C.....CDD............
3 2 1 MM.C.....C.BAA...B....DD............
3 2 1 MM.........BAA...B...CDD...C........
3 2 1 MM.........BAA...B....DD...C.....C..
3 2 1 ...CMM...C.B.AA..B....DD............
3 2 1 ....MM.....B.AA..B...CDD...C........
3 2 1 ....MM.....B.AA..B....DD...C.....C..
3 3 0 ...CMM...C..AA.......DDB.....B......
3 3 0 ...CMM...C..AA.......DD......B.....B
3 3 0 ...CMM...C..AA......DD.B.....B......
3 3 0 ...CMM...C..AA......DD.......B.....B
3 3 0 ...CMM...C..AA.....DD..B.....B......
3 3 0 ...CMM...C..AA.....DD........B.....B
3 3 0 ...CMM...C..AA....DD...B.....B......
3 3 0 ...CMM...C..AA....DD.........B.....B
3 3 0 ....MM......AA.......DDB...C.B...C..
3 3 0 ....MM......AA.......DD....C.B...C.B
3 3 0 ....MM......AA......DD.B...C.B...C..
3 3 0 ....MM......AA......DD.....C.B...C.B
3 3 0 ....MM......AA.....DD..B...C.B...C..
3 3 0 ....MM......AA.....DD......C.B...C.B
3 3 0 ....MM......AA....DD...B...C.B...C..
3 3 0 ....MM......AA....DD.......C.B...C.B
3 3 0 ...MMB.....BAA.......CDD...C........
3 3 0 ...MMB.....BAA........DD...C.....C..
3 3 0 ..MM.B.....BAA.......CDD...C........
3 3 0 ..MM.B.....BAA........DD...C.....C..
3 3 0 .MMC.B...C.BAA........DD............
3 3 0 .MM..B.....BAA.......CDD...C........
3 3 0 .MM..B.....BAA........DD...C.....C..
3 3 0 MM.C.B...C.BAA........DD............
3 3 0 MM...B.....BAA.......CDD...C........
3 3 0 MM...B.....BAA........DD...C.....C..
4 2 2 ...MM......B.AAC.B...CDD............
4 2 2 ..MM.......B.AAC.B...CDD............
4 2 2 .MM........B.AAC.B...CDD............
4 2 2 MM.........B.AAC.B...CDD............
4 2 2 ...MM....C.BAA.C.B....DD............
4 2 2 ..MM.....C.BAA.C.B....DD............
4 2 2 .MM......C.BAA.C.B....DD............
4 2 2 MM.......C.BAA.C.B....DD............
4 2 2 ....MM...C.B.AAC.B....DD............
4 2 2 ....MM...C.BAA.C.B...DD.............
4 2 2 ....MM...C.BAA.C.B..DD..............
4 2 2 ....MM...C.BAA.C.B.DD...............
4 2 2 ....MM...C.BAA.C.BDD................
4 3 1 ...CMM...C..AA...B...DDB............
4 3 1 ...CMM...C.B..AA.B...DD.............
4 3 1 ...CMM...C.B...AAB...DD.............
4 3 1 ...CMM...C..AA...B..DD.B............
4 3 1 ...CMM...C.B..AA.B..DD..............
4 3 1 ...CMM...C.B...AAB..DD..............
4 3 1 ...CMM...C..AA...B.DD..B............
4 3 1 ...CMM...C.B..AA.B.DD...............
4 3 1 ...CMM...C.B...AAB.DD...............
4 3 1 ...CMM...C..AA...BDD...B............
4 3 1 ...CMM...C.B..AA.BDD................
4 3 1 ...CMM...C.B...AABDD................
4 3 1 ....MM......AA...B...DDB...C.....C..
4 3 1 ....MM.....B..AA.B...DD....C.....C..
4 3 1 ....MM.....B...AAB...DD....C.....C..
4 3 1 ....MM......AA...B..DD.B...C.....C..
4 3 1 ....MM.....B..AA.B..DD.....C.....C..
4 3 1 ....MM.....B...AAB..DD.....C.....C..
4 3 1 ....MM......AA...B.DD..B...C.....C..
4 3 1 ....MM.....B..AA.B.DD......C.....C..
4 3 1 ....MM.....B...AAB.DD......C.....C..
4 3 1 ....MM......AA...BDD...B...C.....C..
4 3 1 ....MM.....B..AA.BDD.......C.....C..
4 3 1 ....MM.....B...AABDD.......C.....C..
4 3 1 ...MM......B..AA.B...CDD...C........
4 3 1 ...MM......B...AAB...CDD...C........
4 3 1 ...MM......B..AA.B....DD...C.....C..
4 3 1 ...MM......B...AAB....DD...C.....C..
4 3 1 ...MM......BAA...B...DD....C.....C..
4 3 1 ...MM......BAA...B..DD.....C.....C..
4 3 1 ...MM......BAA...B.DD......C.....C..
4 3 1 ...MM......BAA...BDD.......C.....C..
4 3 1 ..MM.......B..AA.B...CDD...C........
4 3 1 ..MM.......B...AAB...CDD...C........
4 3 1 ..MM.......B..AA.B....DD...C.....C..
4 3 1 ..MM.......B...AAB....DD...C.....C..
4 3 1 ..MM.......BAA...B...DD....C.....C..
4 3 1 ..MM.......BAA...B..DD.....C.....C..
4 3 1 ..MM.......BAA...B.DD......C.....C..
4 3 1 ..MM.......BAA...BDD.......C.....C..
4 3 1 .MMC.....C.B..AA.B....DD............
4 3 1 .MMC.....C.B...AAB....DD............
4 3 1 .MMC.....C.BAA...B...DD.............
4 3 1 .MMC.....C.BAA...B..DD..............
4 3 1 .MMC.....C.BAA...B.DD...............
4 3 1 .MMC.....C.BAA...BDD................
4 3 1 .MM........B..AA.B...CDD...C........
4 3 1 .MM........B...AAB...CDD...C........
4 3 1 .MM........B..AA.B....DD...C.....C..
4 3 1 .MM........B...AAB....DD...C.....C..
4 3 1 .MM........BAA...B...DD....C.....C..
4 3 1 .MM........BAA...B..DD.....C.....C..
4 3 1 .MM........BAA...B.DD......C.....C..
4 3 1 .MM........BAA...BDD.......C.....C..
4 3 1 MM.C.....C.B..AA.B....DD............
4 3 1 MM.C.....C.B...AAB....DD............
4 3 1 MM.C.....C.BAA...B...DD.............
4 3 1 MM.C.....C.BAA...B..DD..............
4 3 1 MM.C.....C.BAA...B.DD...............
4 3 1 MM.C.....C.BAA...BDD................
4 3 1 MM.........B..AA.B...CDD...C........
4 3 1 MM.........B...AAB...CDD...C........
4 3 1 MM.........B..AA.B....DD...C.....C..
4 3 1 MM.........B...AAB....DD...C.....C..
4 3 1 MM.........BAA...B...DD....C.....C..
4 3 1 MM.........BAA...B..DD.....C.....C..
4 3 1 MM.........BAA...B.DD......C.....C..
4 3 1 MM.........BAA...BDD.......C.....C..
4 3 1 ...CMM...C.B.AA..B...DD.............
4 3 1 ...CMM...C.B.AA..B..DD..............
4 3 1 ...CMM...C.B.AA..B.DD...............
4 3 1 ...CMM...C.B.AA..BDD................
4 3 1 ....MM.....B.AA..B...DD....C.....C..
4 3 1 ....MM.....B.AA..B..DD.....C.....C..
4 3 1 ....MM.....B.AA..B.DD......C.....C..
4 3 1 ....MM.....B.AA..BDD.......C.....C..
4 4 0 ...CMM...C......AA...DDB.....B......