0 0 0 ....MM.....BAA.C.B...CDD............
6 1 5 ...CMM...C.BAA...B....DD............
6 1 5 ....MM.....BAA...B...CDD...C........
6 1 5 ....MM.....BAA...B....DD...C.....C..
7 2 5 ...CMM...C.B.AA..B....DD............
7 2 5 ...CMM...C.B..AA.B....DD............
7 2 5 ...CMM...C.B...AAB....DD............
3 3 0 ...CMM...C..AA.......DDB.....B......
3 3 0 ...CMM...C..AA.......DD......B.....B
4 4 0 ...CMM...C...AA......DD......B.....B
4 4 0 ...CMM...C....AA.....DD......B.....B
4 4 0 ...CMM...C.....AA....DD......B.....B
4 4 0 ...CMM...C......AA...DD......B.....B