0 0 0 ....MM.....BAA.C.B...CDD............
2 1 1 ....MM.....B.AAC.B...CDD............
3 1 2 ...MM......BAA.C.B...CDD............
3 1 2 ..MM.......BAA.C.B...CDD............
3 1 2 .MM........BAA.C.B...CDD............
3 1 2 MM.........BAA.C.B...CDD............
3 1 2 ....MM...C.BAA.C.B....DD............
3 2 1 ...MM......B.AAC.B...CDD............
3 2 1 ..MM.......B.AAC.B...CDD............
3 2 1 .MM........B.AAC.B...CDD............
3 2 1 MM.........B.AAC.B...CDD............
3 2 1 ....MM...C.B.AAC.B....DD............
2 2 0 ...CMM...C.B...AAB....DD............
3 2 1 ...CMM...C.B..AA.B....DD............
4 1 3 ...CMM...C.BAA...B....DD............
2 2 0 ....MM.....B...AAB...CDD...C........
3 2 1 ....MM.....B..AA.B...CDD...C........
4 1 3 ....MM.....BAA...B...CDD...C........
2 2 0 ....MM.....B...AAB....DD...C.....C..
3 2 1 ....MM.....B..AA.B....DD...C.....C..
4 1 3 ....MM.....BAA...B....DD...C.....C..
4 2 2 ...MM....C.BAA.C.B....DD............
4 2 2 ..MM.....C.BAA.C.B....DD............
4 2 2 .MM......C.BAA.C.B....DD............
4 2 2 MM.......C.BAA.C.B....DD............
4 2 2 ....MM...C.BAA.C.B...DD.............
4 2 2 ....MM...C.BAA.C.B..DD..............
4 2 2 ....MM...C.BAA.C.B.DD...............
4 2 2 ....MM...C.BAA.C.BDD................
4 3 1 ...CMM...C.B..AA.B...DD.............
4 3 1 ...CMM...C.B..AA.B..DD..............
4 3 1 ...CMM...C.B..AA.B.DD...............
4 3 1 ...CMM...C.B..AA.BDD................
4 2 2 ...CMM...C.B.AA..B....DD............
4 3 1 ...MM......B..AA.B...CDD...C........
4 3 1 ..MM.......B..AA.B...CDD...C........
4 3 1 .MM........B..AA.B...CDD...C........
4 3 1 MM.........B..AA.B...CDD...C........
4 2 2 ....MM.....B.AA..B...CDD...C........
4 3 1 ...MM......B..AA.B....DD...C.....C..
4 3 1 ..MM.......B..AA.B....DD...C.....C..
4 3 1 .MM........B..AA.B....DD...C.....C..
4 3 1 MM.........B..AA.B....DD...C.....C..
4 3 1 ....MM.....B..AA.B...DD....C.....C..
4 3 1 ....MM.....B..AA.B..DD.....C.....C..
4 3 1 ....MM.....B..AA.B.DD......C.....C..
4 3 1 ....MM.....B..AA.BDD.......C.....C..
4 2 2 ....MM.....B.AA..B....DD...C.....C..
4 3 1 ...MM....C.B.AAC.B....DD............
4 3 1 ..MM.....C.B.AAC.B....DD............
4 3 1 .MM......C.B.AAC.B....DD............
4 3 1 MM.......C.B.AAC.B....DD............
4 3 1 ....MM...C.B.AAC.B...DD.............
4 3 1 ....MM...C.B.AAC.B..DD..............
4 3 1 ....MM...C.B.AAC.B.DD...............
4 3 1 ....MM...C.B.AAC.BDD................
4 4 0 ...CMM...C.B...AAB...DD.............
4 4 0 ...CMM...C.B...AAB..DD..............
4 4 0 ...CMM...C.B...AAB.DD...............
4 4 0 ...CMM...C.B...AABDD................
4 4 0 ...MM......B...AAB...CDD...C........
4 4 0 ..MM.......B...AAB...CDD...C........
4 4 0 .MM........B...AAB...CDD...C........
4 4 0 MM.........B...AAB...CDD...C........
4 4 0 ...MM......B...AAB....DD...C.....C..
4 4 0 ..MM.......B...AAB....DD...C.....C..
4 4 0 .MM........B...AAB....DD...C.....C..
4 4 0 MM.........B...AAB....DD...C.....C..
4 4 0 ....MM.....B...AAB...DD....C.....C..
4 4 0 ....MM.....B...AAB..DD.....C.....C..
4 4 0 ....MM.....B...AAB.DD......C.....C..
4 4 0 ....MM.....B...AABDD.......C.....C..
5 2 3 ...MMB.....BAA.C.....CDD............
5 2 3 ..MM.B.....BAA.C.....CDD............
5 2 3 .MM..B.....BAA.C.....CDD............
3 3 0 .MMC.....C.B...AAB....DD............
4 3 1 .MMC.....C.B..AA.B....DD............
5 2 3 .MMC.....C.BAA...B....DD............
5 2 3 MM...B.....BAA.C.....CDD............
3 3 0 MM.C.....C.B...AAB....DD............
4 3 1 MM.C.....C.B..AA.B....DD............
5 2 3 MM.C.....C.BAA...B....DD............
5 2 3 ...CMM...C.BAA...B...DD.............
5 2 3 ...CMM...C.BAA...B..DD..............
5 2 3 ...CMM...C.BAA...B.DD...............
5 2 3 ...CMM...C.BAA...BDD................
5 2 3 ...MM......BAA...B...CDD...C........
5 2 3 ..MM.......BAA...B...CDD...C........
5 2 3 .MM........BAA...B...CDD...C........
5 2 3 MM.........BAA...B...CDD...C........
5 2 3 ...MM......BAA...B....DD...C.....C..
5 2 3 ..MM.......BAA...B....DD...C.....C..
5 2 3 .MM........BAA...B....DD...C.....C..
5 2 3 MM.........BAA...B....DD...C.....C..
5 2 3 ....MM.....BAA...B...DD....C.....C..
5 2 3 ....MM.....BAA...B..DD.....C.....C..
5 2 3 ....MM.....BAA...B.DD......C.....C..
5 2 3 ....MM.....BAA...BDD.......C.....C..
5 3 2 ...MM....C.BAA.C.B...DD.............
5 3 2 ..MM.....C.BAA.C.B...DD.............
5 3 2 .MM......C.BAA.C.B...DD.............
5 3 2 MM.......C.BAA.C.B...DD.............
5 3 2 ....MM...C..AA.C.B...DDB............
5 3 2 ...MM....C.BAA.C.B..DD..............
5 3 2 ..MM.....C.BAA.C.B..DD..............
5 3 2 .MM......C.BAA.C.B..DD..............
5 3 2 MM.......C.BAA.C.B..DD..............
5 3 2 ....MM...C..AA.C.B..DD.B............
5 3 2 ...MM....C.BAA.C.B.DD...............
5 3 2 ..MM.....C.BAA.C.B.DD...............
5 3 2 .MM......C.BAA.C.B.DD...............
5 3 2 MM.......C.BAA.C.B.DD...............
5 3 2 ....MM...C..AA.C.B.DD..B............
5 3 2 ...MM....C.BAA.C.BDD................
5 3 2 ..MM.....C.BAA.C.BDD................
5 3 2 .MM......C.BAA.C.BDD................
5 3 2 MM.......C.BAA.C.BDD................
5 3 2 ....MM...C..AA.C.BDD...B............
5 4 1 ...CMM...C....AA.B...DDB............
5 4 1 ...CMM...C....AA.B..DD.B............
5 4 1 ...CMM...C....AA.B.DD..B............
5 4 1 ...CMM...C....AA.BDD...B............
5 4 1 ...MM......B..AA.B...DD....C.....C..
5 4 1 ..MM.......B..AA.B...DD....C.....C..
5 4 1 .MM........B..AA.B...DD....C.....C..
5 4 1 MM.........B..AA.B...DD....C.....C..
5 4 1 ....MM........AA.B...DDB...C.....C..
5 4 1 ...MM......B..AA.B..DD.....C.....C..
5 4 1 ..MM.......B..AA.B..DD.....C.....C..
5 4 1 .MM........B..AA.B..DD.....C.....C..
5 4 1 MM.........B..AA.B..DD.....C.....C..
5 4 1 ....MM........AA.B..DD.B...C.....C..
5 4 1 ...MM......B..AA.B.DD......C.....C..
5 4 1 ..MM.......B..AA.B.DD......C.....C..
5 4 1 .MM........B..AA.B.DD......C.....C..
5 4 1 MM.........B..AA.B.DD......C.....C..
5 4 1 ....MM........AA.B.DD..B...C.....C..
5 4 1 ....MM.....B..AA.B.DDC.....C........
5 4 1 ...MM......B..AA.BDD.......C.....C..
5 4 1 ..MM.......B..AA.BDD.......C.....C..
5 4 1 .MM........B..AA.BDD.......C.....C..
5 4 1 MM.........B..AA.BDD.......C.....C..
5 4 1 ....MM........AA.BDD...B...C.....C..
5 4 1 ....MM.....B..AA.BDD.C.....C........
5 4 1 ....MM.....B.AAC.B.DDC..............
5 4 1 ....MM.....B.AAC.BDD.C..............
5 3 2 ...MMB.....B.AAC.....CDD............
5 3 2 ..MM.B.....B.AAC.....CDD............
5 3 2 .MM..B.....B.AAC.....CDD............
5 4 1 .MMC.....C.B..AA.B...DD.............
5 4 1 .MMC.....C.B..AA.B..DD..............
5 4 1 .MMC.....C.B..AA.B.DD...............
5 4 1 .MMC.....C.B..AA.BDD................
5 3 2 .MMC.....C.B.AA..B....DD............
5 3 2 MM...B.....B.AAC.....CDD............
5 4 1 MM.C.....C.B..AA.B...DD.............
5 4 1 MM.C.....C.B..AA.B..DD..............
5 4 1 MM.C.....C.B..AA.B.DD...............
5 4 1 MM.C.....C.B..AA.BDD................
5 3 2 MM.C.....C.B.AA..B....DD............
5 3 2 ...CMM...C.B.AA..B...DD.............
5 3 2 ...CMM...C.B.AA..B..DD..............
5 3 2 ...CMM...C.B.AA..B.DD...............
5 3 2 ...CMM...C.B.AA..BDD................
5 3 2 ...MM......B.AA..B...CDD...C........
5 3 2 ..MM.......B.AA..B...CDD...C........
5 3 2 .MM........B.AA..B...CDD...C........
5 3 2 MM.........B.AA..B...CDD...C........
5 3 2 ...MM......B.AA..B....DD...C.....C..
5 3 2 ..MM.......B.AA..B....DD...C.....C..
5 3 2 .MM........B.AA..B....DD...C.....C..
5 3 2 MM.........B.AA..B....DD...C.....C..
5 3 2 ....MM.....B.AA..B...DD....C.....C..
5 3 2 ....MM.....B.AA..B..DD.....C.....C..
5 3 2 ....MM.....B.AA..B.DD......C.....C..
5 3 2 ....MM.....BAA.C.B.DDC..............
5 3 2 ....MM.....B.AA..BDD.......C.....C..
5 3 2 ....MM.....BAA.C.BDD.C..............
5 4 1 ...MM....C.B.AAC.B...DD.............
5 4 1 ..MM.....C.B.AAC.B...DD.............
5 4 1 .MM......C.B.AAC.B...DD.............
5 4 1 MM.......C.B.AAC.B...DD.............
5 4 1 ....MM...C...AAC.B...DDB............
5 4 1 ...MM....C.B.AAC.B..DD..............
5 4 1 ..MM.....C.B.AAC.B..DD..............
5 4 1 .MM......C.B.AAC.B..DD..............
5 4 1 MM.......C.B.AAC.B..DD..............
5 4 1 ....MM...C...AAC.B..DD.B............
5 4 1 ...MM....C.B.AAC.B.DD...............
5 4 1 ..MM.....C.B.AAC.B.DD...............
5 4 1 .MM......C.B.AAC.B.DD...............
5 4 1 MM.......C.B.AAC.B.DD...............
5 4 1 ....MM...C...AAC.B.DD..B............
5 4 1 ...MM....C.B.AAC.BDD................
5 4 1 ..MM.....C.B.AAC.BDD................
5 4 1 .MM......C.B.AAC.BDD................
5 4 1 MM.......C.B.AAC.BDD................
5 4 1 ....MM...C...AAC.BDD...B............
5 5 0 ...CMM...C.....AAB...DDB............
5 5 0 ...CMM...C.....AAB..DD.B............
5 5 0 ...CMM...C.....AAB.DD..B............
5 5 0 ...CMM...C.....AABDD...B............
5 5 0 ...MM......B...AAB...DD....C.....C..
5 5 0 ..MM.......B...AAB...DD....C.....C..
5 5 0 .MM........B...AAB...DD....C.....C..
5 5 0 MM.........B...AAB...DD....C.....C..
5 5 0 ....MM.........AAB...DDB...C.....C..
5 5 0 ...MM......B...AAB..DD.....C.....C..
5 5 0 ..MM.......B...AAB..DD.....C.....C..
5 5 0 .MM........B...AAB..DD.....C.....C..
5 5 0 MM.........B...AAB..DD.....C.....C..
5 5 0 ....MM.........AAB..DD.B...C.....C..
5 5 0 ...MM......B...AAB.DD......C.....C..
5 5 0 ..MM.......B...AAB.DD......C.....C..
5 5 0 .MM........B...AAB.DD......C.....C..
5 5 0 MM.........B...AAB.DD......C.....C..
5 5 0 ....MM.........AAB.DD..B...C.....C..
5 5 0 ....MM.....B...AAB.DDC.....C........
5 5 0 ...MM......B...AABDD.......C.....C..
5 5 0 ..MM.......B...AABDD.......C.....C..
5 5 0 .MM........B...AABDD.......C.....C..
5 5 0 MM.........B...AABDD.......C.....C..
5 5 0 ....MM.........AABDD...B...C.....C..
5 5 0 ....MM.....B...AABDD.C.....C........
5 5 0 .MMC.....C.B...AAB...DD.............
5 5 0 .MMC.....C.B...AAB..DD..............
5 5 0 .MMC.....C.B...AAB.DD...............
5 5 0 .MMC.....C.B...AABDD................
5 5 0 MM.C.....C.B...AAB...DD.............
5 5 0 MM.C.....C.B...AAB..DD..............
5 5 0 MM.C.....C.B...AAB.DD...............
5 5 0 MM.C.....C.B...AABDD................
6 3 3 ....MM...C..AA.C.....DDB.....B......
6 3 3 ....MM...C..AA.C.....DD......B.....B
6 3 3 ....MM...C..AA.C....DD.B.....B......
6 3 3 ....MM...C..AA.C....DD.......B.....B
6 3 3 ....MM...C..AA.C...DD..B.....B......
6 3 3 ....MM...C..AA.C...DD........B.....B
6 3 3 ....MM...C..AA.C..DD...B.....B......
6 3 3 ....MM...C..AA.C..DD.........B.....B
5 5 0 ...CMM...C......AA...DDB.....B......
6 4 2 ...CMM...C....AA.....DDB.....B......
5 5 0 ...CMM...C......AA...DD......B.....B
6 4 2 ...CMM...C....AA.....DD......B.....B
5 5 0 ...CMM...C......AA..DD.B.....B......
6 4 2 ...CMM...C....AA....DD.B.....B......
5 5 0 ...CMM...C......AA..DD.......B.....B
6 4 2 ...CMM...C....AA....DD.......B.....B
5 5 0 ...CMM...C......AA.DD..B.....B......
6 4 2 ...CMM...C....AA...DD..B.....B......
5 5 0 ...CMM...C......AA.DD........B.....B
6 4 2 ...CMM...C....AA...DD........B.....B
5 5 0 ...CMM...C......AADD...B.....B......
6 4 2 ...CMM...C....AA..DD...B.....B......
5 5 0 ...CMM...C......AADD.........B.....B
6 4 2 ...CMM...C....AA..DD.........B.....B
5 5 0 ...MMB.....B....AA...CDD...C........
6 4 2 ...MMB.....B..AA.....CDD...C........
5 5 0 ..MM.B.....B....AA...CDD...C........
6 4 2 ..MM.B.....B..AA.....CDD...C........
5 5 0 .MM..B.....B....AA...CDD...C........
6 4 2 .MM..B.....B..AA.....CDD...C........
5 5 0 MM...B.....B....AA...CDD...C........
6 4 2 MM...B.....B..AA.....CDD...C........
5 5 0 ...MMB.....B....AA....DD...C.....C..
6 4 2 ...MMB.....B..AA......DD...C.....C..
5 5 0 ..MM.B.....B....AA....DD...C.....C..
6 4 2 ..MM.B.....B..AA......DD...C.....C..
5 5 0 .MM..B.....B....AA....DD...C.....C..
6 4 2 .MM..B.....B..AA......DD...C.....C..
5 5 0 MM...B.....B....AA....DD...C.....C..
6 4 2 MM...B.....B..AA......DD...C.....C..
5 5 0 ....MM..........AA...DDB...C.B...C..
6 4 2 ....MM........AA.....DDB...C.B...C..
5 5 0 ....MM..........AA...DD....C.B...C.B
6 4 2 ....MM........AA.....DD....C.B...C.B
5 5 0 ....MM..........AA..DD.B...C.B...C..
6 4 2 ....MM........AA....DD.B...C.B...C..
5 5 0 ....MM..........AA..DD.....C.B...C.B
6 4 2 ....MM........AA....DD.....C.B...C.B
5 5 0 ....MM..........AA.DD..B...C.B...C..
6 4 2 ....MM........AA...DD..B...C.B...C..
5 5 0 ....MM..........AA.DD......C.B...C.B
6 4 2 ....MM........AA...DD......C.B...C.B
5 5 0 ....MM..........AADD...B...C.B...C..
6 4 2 ....MM........AA..DD...B...C.B...C..
5 5 0 ....MM..........AADD.......C.B...C.B
6 4 2 ....MM........AA..DD.......C.B...C.B
6 3 3 ...MMB...C.BAA.C......DD............
6 3 3 ..MM.B...C.BAA.C......DD............
6 3 3 .MM..B...C.BAA.C......DD............
5 5 0 .MMC.B...C.B....AA....DD............
6 4 2 .MMC.B...C.B..AA......DD............
6 3 3 .MMC.....C.BAA...B...DD.............
6 3 3 .MMC.....C.BAA...B..DD..............
6 3 3 .MMC.....C.BAA...B.DD...............
6 3 3 .MMC.....C.BAA...BDD................
6 3 3 MM...B...C.BAA.C......DD............
5 5 0 MM.C.B...C.B....AA....DD............
6 4 2 MM.C.B...C.B..AA......DD............
6 3 3 MM.C.....C.BAA...B...DD.............
6 3 3 MM.C.....C.BAA...B..DD..............
6 3 3 MM.C.....C.BAA...B.DD...............
6 3 3 MM.C.....C.BAA...BDD................
6 3 3 ...CMM...C..AA...B...DDB............
6 3 3 ...CMM...C..AA...B..DD.B............
6 3 3 ...CMM...C..AA...B.DD..B............
6 3 3 ...CMM...C..AA...BDD...B............
6 3 3 ...MM......BAA...B...DD....C.....C..
6 3 3 ..MM.......BAA...B...DD....C.....C..
6 3 3 .MM........BAA...B...DD....C.....C..
6 3 3 MM.........BAA...B...DD....C.....C..
6 3 3 ....MM......AA...B...DDB...C.....C..
6 3 3 ...MM......BAA...B..DD.....C.....C..
6 3 3 ..MM.......BAA...B..DD.....C.....C..
6 3 3 .MM........BAA...B..DD.....C.....C..
6 3 3 MM.........BAA...B..DD.....C.....C..
6 3 3 ....MM......AA...B..DD.B...C.....C..
6 3 3 ...MM......BAA...B.DD......C.....C..
6 3 3 ..MM.......BAA...B.DD......C.....C..
6 3 3 .MM........BAA...B.DD......C.....C..
6 3 3 MM.........BAA...B.DD......C.....C..
6 3 3 ....MM......AA...B.DD..B...C.....C..
6 3 3 ....MM.....BAA...B.DDC.....C........
6 3 3 ...MM......BAA...BDD.......C.....C..
6 3 3 ..MM.......BAA...BDD.......C.....C..
6 3 3 .MM........BAA...BDD.......C.....C..
6 3 3 MM.........BAA...BDD.......C.....C..
6 3 3 ....MM......AA...BDD...B...C.....C..
6 3 3 ....MM.....BAA...BDD.C.....C........
6 4 2 ...MM....C..AA.C.B...DDB............
6 4 2 ..MM.....C..AA.C.B...DDB............
6 4 2 .MM......C..AA.C.B...DDB............
6 4 2 MM.......C..AA.C.B...DDB............
6 4 2 ...MM....C..AA.C.B..DD.B............
6 4 2 ..MM.....C..AA.C.B..DD.B............
6 4 2 .MM......C..AA.C.B..DD.B............
6 4 2 MM.......C..AA.C.B..DD.B............
6 4 2 ...MM....C..AA.C.B.DD..B............
6 4 2 ..MM.....C..AA.C.B.DD..B............
6 4 2 .MM......C..AA.C.B.DD..B............
6 4 2 MM.......C..AA.C.B.DD..B............
6 4 2 ...MM....C..AA.C.BDD...B............
6 4 2 ..MM.....C..AA.C.BDD...B............
6 4 2 .MM......C..AA.C.BDD...B............
6 4 2 MM.......C..AA.C.BDD...B............
6 5 1 ...MM.........AA.B...DDB...C.....C..
6 5 1 ..MM..........AA.B...DDB...C.....C..
6 5 1 .MM...........AA.B...DDB...C.....C..
6 5 1 MM............AA.B...DDB...C.....C..
6 5 1 ...MM.........AA.B..DD.B...C.....C..
6 5 1 ..MM..........AA.B..DD.B...C.....C..
6 5 1 .MM...........AA.B..DD.B...C.....C..
6 5 1 MM............AA.B..DD.B...C.....C..
6 5 1 ...MM.........AA.B.DD..B...C.....C..
6 5 1 ..MM..........AA.B.DD..B...C.....C..
6 5 1 .MM...........AA.B.DD..B...C.....C..
6 5 1 MM............AA.B.DD..B...C.....C..
6 5 1 ...MM......B..AA.B.DDC.....C........
6 5 1 ..MM.......B..AA.B.DDC.....C........
6 5 1 .MM........B..AA.B.DDC.....C........
6 5 1 MM.........B..AA.B.DDC.....C........
6 5 1 ....MM........AA.B.DDC.B...C........
6 5 1 ...MM.........AA.BDD...B...C.....C..
6 5 1 ..MM..........AA.BDD...B...C.....C..
6 5 1 .MM...........AA.BDD...B...C.....C..
6 5 1 MM............AA.BDD...B...C.....C..
6 5 1 ...MM......B..AA.BDD.C.....C........
6 5 1 ..MM.......B..AA.BDD.C.....C........
6 5 1 .MM........B..AA.BDD.C.....C........
6 5 1 MM.........B..AA.BDD.C.....C........
6 5 1 ....MM........AA.BDD.C.B...C........
6 5 1 .MMC.....C....AA.B...DDB............
6 5 1 .MMC.....C....AA.B..DD.B............
6 5 1 .MMC.....C....AA.B.DD..B............
6 5 1 .MMC.....C....AA.BDD...B............
6 5 1 MM.C.....C....AA.B...DDB............
6 5 1 MM.C.....C....AA.B..DD.B............
6 5 1 MM.C.....C....AA.B.DD..B............
6 5 1 MM.C.....C....AA.BDD...B............
6 5 1 ...MM......B.AAC.B.DDC..............
6 5 1 ..MM.......B.AAC.B.DDC..............
6 5 1 .MM........B.AAC.B.DDC..............
6 5 1 MM.........B.AAC.B.DDC..............
6 5 1 ....MM.......AAC.B.DDC.B............
6 5 1 ...MM......B.AAC.BDD.C..............
6 5 1 ..MM.......B.AAC.BDD.C..............
6 5 1 .MM........B.AAC.BDD.C..............
6 5 1 MM.........B.AAC.BDD.C..............
6 5 1 ....MM.......AAC.BDD.C.B............
6 4 2 ....MM...C...AAC.....DDB.....B......
6 4 2 ....MM...C...AAC.....DD......B.....B
6 4 2 ....MM...C...AAC....DD.B.....B......
6 4 2 ....MM...C...AAC....DD.......B.....B
6 4 2 ....MM...C...AAC...DD..B.....B......
6 4 2 ....MM...C...AAC...DD........B.....B
6 4 2 ....MM...C...AAC..DD...B.....B......
6 4 2 ....MM...C...AAC..DD.........B.....B
6 5 1 ...CMM...C.....AA....DDB.....B......
6 5 1 ...CMM...C.....AA....DD......B.....B
6 5 1 ...CMM...C.....AA...DD.B.....B......
6 5 1 ...CMM...C.....AA...DD.......B.....B
6 5 1 ...CMM...C.....AA..DD..B.....B......
6 5 1 ...CMM...C.....AA..DD........B.....B
6 5 1 ...CMM...C.....AA.DD...B.....B......
6 5 1 ...CMM...C.....AA.DD.........B.....B
6 5 1 ...MMB.....B...AA....CDD...C........
6 5 1 ..MM.B.....B...AA....CDD...C........
6 5 1 .MM..B.....B...AA....CDD...C........
6 5 1 MM...B.....B...AA....CDD...C........
6 5 1 ...MMB.....B...AA.....DD...C.....C..
6 5 1 ..MM.B.....B...AA.....DD...C.....C..
6 5 1 .MM..B.....B...AA.....DD...C.....C..
6 5 1 MM...B.....B...AA.....DD...C.....C..
6 5 1 ....MM.........AA....DDB...C.B...C..
6 5 1 ....MM.........AA....DD....C.B...C.B
6 5 1 ....MM.........AA...DD.B...C.B...C..
6 5 1 ....MM.........AA...DD.....C.B...C.B
6 5 1 ....MM.........AA..DD..B...C.B...C..
6 5 1 ....MM.........AA..DD......C.B...C.B
6 5 1 ....MM.........AA.DD...B...C.B...C..
6 5 1 ....MM.........AA.DD.......C.B...C.B
6 4 2 ...MMB...C.B.AAC......DD............
6 4 2 ..MM.B...C.B.AAC......DD............
6 4 2 .MM..B...C.B.AAC......DD............
6 5 1 .MMC.B...C.B...AA.....DD............
6 4 2 .MMC.....C.B.AA..B...DD.............
6 4 2 .MMC.....C.B.AA..B..DD..............
6 4 2 .MMC.....C.B.AA..B.DD...............
6 4 2 .MMC.....C.B.AA..BDD................
6 4 2 MM...B...C.B.AAC......DD............
6 5 1 MM.C.B...C.B...AA.....DD............
6 4 2 MM.C.....C.B.AA..B...DD.............
6 4 2 MM.C.....C.B.AA..B..DD..............
6 4 2 MM.C.....C.B.AA..B.DD...............
6 4 2 MM.C.....C.B.AA..BDD................
6 4 2 ...CMM...C...AA..B...DDB............
6 4 2 ...CMM...C...AA..B..DD.B............
6 4 2 ...CMM...C...AA..B.DD..B............
6 4 2 ...CMM...C...AA..BDD...B............
6 4 2 ...MM......B.AA..B...DD....C.....C..
6 4 2 ..MM.......B.AA..B...DD....C.....C..
6 4 2 .MM........B.AA..B...DD....C.....C..
6 4 2 MM.........B.AA..B...DD....C.....C..
6 4 2 ....MM.......AA..B...DDB...C.....C..
6 4 2 ...MM......B.AA..B..DD.....C.....C..
6 4 2 ..MM.......B.AA..B..DD.....C.....C..
6 4 2 .MM........B.AA..B..DD.....C.....C..
6 4 2 MM.........B.AA..B..DD.....C.....C..
6 4 2 ....MM.......AA..B..DD.B...C.....C..
6 4 2 ...MM......B.AA..B.DD......C.....C..
6 4 2 ...MM......BAA.C.B.DDC..............
6 4 2 ..MM.......B.AA..B.DD......C.....C..
6 4 2 ..MM.......BAA.C.B.DDC..............
6 4 2 .MM........B.AA..B.DD......C.....C..
6 4 2 .MM........BAA.C.B.DDC..............
6 4 2 MM.........B.AA..B.DD......C.....C..
6 4 2 MM.........BAA.C.B.DDC..............
6 4 2 ....MM.......AA..B.DD..B...C.....C..
6 4 2 ....MM......AA.C.B.DDC.B............
6 4 2 ....MM.....B.AA..B.DDC.....C........
6 4 2 ...MM......B.AA..BDD.......C.....C..
6 4 2 ...MM......BAA.C.BDD.C..............
6 4 2 ..MM.......B.AA..BDD.......C.....C..
6 4 2 ..MM.......BAA.C.BDD.C..............
6 4 2 .MM........B.AA..BDD.......C.....C..
6 4 2 .MM........BAA.C.BDD.C..............
6 4 2 MM.........B.AA..BDD.......C.....C..
6 4 2 MM.........BAA.C.BDD.C..............
6 4 2 ....MM.......AA..BDD...B...C.....C..
6 4 2 ....MM......AA.C.BDD.C.B............
6 4 2 ....MM.....B.AA..BDD.C.....C........
6 5 1 ...MM....C...AAC.B...DDB............
6 5 1 ..MM.....C...AAC.B...DDB............
6 5 1 .MM......C...AAC.B...DDB............
6 5 1 MM.......C...AAC.B...DDB............
6 5 1 ...MM....C...AAC.B..DD.B............
6 5 1 ..MM.....C...AAC.B..DD.B............
6 5 1 .MM......C...AAC.B..DD.B............
6 5 1 MM.......C...AAC.B..DD.B............
6 5 1 ...MM....C...AAC.B.DD..B............
6 5 1 ..MM.....C...AAC.B.DD..B............
6 5 1 .MM......C...AAC.B.DD..B............
6 5 1 MM.......C...AAC.B.DD..B............
6 5 1 ...MM....C...AAC.BDD...B............
6 5 1 ..MM.....C...AAC.BDD...B............
6 5 1 .MM......C...AAC.BDD...B............
6 5 1 MM.......C...AAC.BDD...B............
6 6 0 ...MM..........AAB...DDB...C.....C..
6 6 0 ..MM...........AAB...DDB...C.....C..
6 6 0 .MM............AAB...DDB...C.....C..
6 6 0 MM.............AAB...DDB...C.....C..
6 6 0 ...MM..........AAB..DD.B...C.....C..
6 6 0 ..MM...........AAB..DD.B...C.....C..
6 6 0 .MM............AAB..DD.B...C.....C..
6 6 0 MM.............AAB..DD.B...C.....C..
6 6 0 ...MM..........AAB.DD..B...C.....C..
6 6 0 ..MM...........AAB.DD..B...C.....C..
6 6 0 .MM............AAB.DD..B...C.....C..
6 6 0 MM.............AAB.DD..B...C.....C..
6 6 0 ...MM......B...AAB.DDC.....C........
6 6 0 ..MM.......B...AAB.DDC.....C........
6 6 0 .MM........B...AAB.DDC.....C........
6 6 0 MM.........B...AAB.DDC.....C........
6 6 0 ....MM.........AAB.DDC.B...C........
6 6 0 ...MM..........AABDD...B...C.....C..
6 6 0 ..MM...........AABDD...B...C.....C..
6 6 0 .MM............AABDD...B...C.....C..
6 6 0 MM.............AABDD...B...C.....C..
6 6 0 ...MM......B...AABDD.C.....C........
6 6 0 ..MM.......B...AABDD.C.....C........
6 6 0 .MM........B...AABDD.C.....C........
6 6 0 MM.........B...AABDD.C.....C........
6 6 0 ....MM.........AABDD.C.B...C........
6 6 0 .MMC.....C.....AAB...DDB............
6 6 0 .MMC.....C.....AAB..DD.B............
6 6 0 .MMC.....C.....AAB.DD..B............
6 6 0 .MMC.....C.....AABDD...B............
6 6 0 MM.C.....C.....AAB...DDB............
6 6 0 MM.C.....C.....AAB..DD.B............
6 6 0 MM.C.....C.....AAB.DD..B............
6 6 0 MM.C.....C.....AABDD...B............
7 3 4 .MMC.B...C.BAA........DD............
7 3 4 MM.C.B...C.BAA........DD............
7 3 4 ...CMM...C..AA.......DDB.....B......
7 3 4 ...CMM...C..AA.......DD......B.....B
7 3 4 ...CMM...C..AA......DD.B.....B......
7 3 4 ...CMM...C..AA......DD.......B.....B
7 3 4 ...CMM...C..AA.....DD..B.....B......
7 3 4 ...CMM...C..AA.....DD........B.....B
7 3 4 ...CMM...C..AA....DD...B.....B......
7 3 4 ...CMM...C..AA....DD.........B.....B
7 3 4 ...MMB.....BAA.......CDD...C........
7 3 4 ..MM.B.....BAA.......CDD...C........
7 3 4 .MM..B.....BAA.......CDD...C........
7 3 4 MM...B.....BAA.......CDD...C........
7 3 4 ...MMB.....BAA........DD...C.....C..
7 3 4 ..MM.B.....BAA........DD...C.....C..
7 3 4 .MM..B.....BAA........DD...C.....C..
7 3 4 MM...B.....BAA........DD...C.....C..
7 3 4 ....MM......AA.......DDB...C.B...C..
7 3 4 ....MM......AA.......DD....C.B...C.B
7 3 4 ....MM......AA......DD.B...C.B...C..
7 3 4 ....MM......AA......DD.....C.B...C.B
7 3 4 ....MM......AA.....DD..B...C.B...C..
7 3 4 ....MM......AA.....DD......C.B...C.B
7 3 4 ....MM......AA....DD...B...C.B...C..
7 3 4 ....MM......AA....DD.......C.B...C.B
6 6 0 .MMC.....C......AA...DDB.....B......
7 5 2 .MMC.....C....AA.....DDB.....B......
6 6 0 .MMC.....C......AA...DD......B.....B
7 5 2 .MMC.....C....AA.....DD......B.....B
6 6 0 .MMC.....C......AA..DD.B.....B......
7 5 2 .MMC.....C....AA....DD.B.....B......
6 6 0 .MMC.....C......AA..DD.......B.....B
7 5 2 .MMC.....C....AA....DD.......B.....B
6 6 0 .MMC.....C......AA.DD..B.....B......
7 5 2 .MMC.....C....AA...DD..B.....B......
6 6 0 .MMC.....C......AA.DD........B.....B
7 5 2 .MMC.....C....AA...DD........B.....B
6 6 0 .MMC.....C......AADD...B.....B......
7 5 2 .MMC.....C....AA..DD...B.....B......
6 6 0 .MMC.....C......AADD.........B.....B
7 5 2 .MMC.....C....AA..DD.........B.....B
6 6 0 MM.C.....C......AA...DDB.....B......
7 5 2 MM.C.....C....AA.....DDB.....B......
6 6 0 MM.C.....C......AA...DD......B.....B
7 5 2 MM.C.....C....AA.....DD......B.....B
6 6 0 MM.C.....C......AA..DD.B.....B......
7 5 2 MM.C.....C....AA....DD.B.....B......
6 6 0 MM.C.....C......AA..DD.......B.....B
7 5 2 MM.C.....C....AA....DD.......B.....B
6 6 0 MM.C.....C......AA.DD..B.....B......
7 5 2 MM.C.....C....AA...DD..B.....B......
6 6 0 MM.C.....C......AA.DD........B.....B
7 5 2 MM.C.....C....AA...DD........B.....B
6 6 0 MM.C.....C......AADD...B.....B......
7 5 2 MM.C.....C....AA..DD...B.....B......
6 6 0 MM.C.....C......AADD.........B.....B
7 5 2 MM.C.....C....AA..DD.........B.....B
7 4 3 ...MM....C..AA.C.....DDB.....B......
7 4 3 ..MM.....C..AA.C.....DDB.....B......
7 4 3 .MM......C..AA.C.....DDB.....B......
7 4 3 MM.......C..AA.C.....DDB.....B......
7 4 3 ...MM....C..AA.C.....DD......B.....B
7 4 3 ..MM.....C..AA.C.....DD......B.....B
7 4 3 .MM......C..AA.C.....DD......B.....B
7 4 3 MM.......C..AA.C.....DD......B.....B
7 4 3 ...MM....C..AA.C....DD.B.....B......
7 4 3 ..MM.....C..AA.C....DD.B.....B......
7 4 3 .MM......C..AA.C....DD.B.....B......
7 4 3 MM.......C..AA.C....DD.B.....B......
7 4 3 ...MM....C..AA.C....DD.......B.....B
7 4 3 ..MM.....C..AA.C....DD.......B.....B
7 4 3 .MM......C..AA.C....DD.......B.....B
7 4 3 MM.......C..AA.C....DD.......B.....B
7 4 3 ...MM....C..AA.C...DD..B.....B......
7 4 3 ..MM.....C..AA.C...DD..B.....B......
7 4 3 .MM......C..AA.C...DD..B.....B......
7 4 3 MM.......C..AA.C...DD..B.....B......
7 4 3 ...MM....C..AA.C...DD........B.....B
7 4 3 ..MM.....C..AA.C...DD........B.....B
7 4 3 .MM......C..AA.C...DD........B.....B
7 4 3 MM.......C..AA.C...DD........B.....B
7 4 3 ...MM....C..AA.C..DD...B.....B......
7 4 3 ..MM.....C..AA.C..DD...B.....B......
7 4 3 .MM......C..AA.C..DD...B.....B......
7 4 3 MM.......C..AA.C..DD...B.....B......
7 4 3 ...MM....C..AA.C..DD.........B.....B
7 4 3 ..MM.....C..AA.C..DD.........B.....B
7 4 3 .MM......C..AA.C..DD.........B.....B
7 4 3 MM.......C..AA.C..DD.........B.....B
7 4 3 ....MM...C..AA.C......DD.....B.....B
6 6 0 ...CMM...C......AA....DD.....B.....B
7 5 2 ...CMM...C....AA......DD.....B.....B
6 6 0 ...MMB.....B....AA...DD....C.....C..
7 5 2 ...MMB.....B..AA.....DD....C.....C..
6 6 0 ...MMB.....B....AA..DD.....C.....C..
7 5 2 ...MMB.....B..AA....DD.....C.....C..
6 6 0 ...MMB.....B....AA.DD......C.....C..
7 5 2 ...MMB.....B..AA...DD......C.....C..
6 6 0 ...MMB.....B....AADD.......C.....C..
7 5 2 ...MMB.....B..AA..DD.......C.....C..
6 6 0 ..MM.B.....B....AA...DD....C.....C..
7 5 2 ..MM.B.....B..AA.....DD....C.....C..
6 6 0 ..MM.B.....B....AA..DD.....C.....C..
7 5 2 ..MM.B.....B..AA....DD.....C.....C..
6 6 0 ..MM.B.....B....AA.DD......C.....C..
7 5 2 ..MM.B.....B..AA...DD......C.....C..
6 6 0 ..MM.B.....B....AADD.......C.....C..
7 5 2 ..MM.B.....B..AA..DD.......C.....C..
6 6 0 .MM..B.....B....AA...DD....C.....C..
7 5 2 .MM..B.....B..AA.....DD....C.....C..
6 6 0 .MM..B.....B....AA..DD.....C.....C..
7 5 2 .MM..B.....B..AA....DD.....C.....C..
6 6 0 .MM..B.....B....AA.DD......C.....C..
7 5 2 .MM..B.....B..AA...DD......C.....C..
6 6 0 .MM..B.....B....AADD.......C.....C..
7 5 2 .MM..B.....B..AA..DD.......C.....C..
6 6 0 MM...B.....B....AA...DD....C.....C..
7 5 2 MM...B.....B..AA.....DD....C.....C..
6 6 0 MM...B.....B....AA..DD.....C.....C..
7 5 2 MM...B.....B..AA....DD.....C.....C..
6 6 0 MM...B.....B....AA.DD......C.....C..
7 5 2 MM...B.....B..AA...DD......C.....C..
6 6 0 MM...B.....B....AADD.......C.....C..
7 5 2 MM...B.....B..AA..DD.......C.....C..
6 6 0 ...MM...........AA...DDB...C.B...C..
7 5 2 ...MM.........AA.....DDB...C.B...C..
6 6 0 ..MM............AA...DDB...C.B...C..
7 5 2 ..MM..........AA.....DDB...C.B...C..
6 6 0 .MM.............AA...DDB...C.B...C..
7 5 2 .MM...........AA.....DDB...C.B...C..
6 6 0 MM..............AA...DDB...C.B...C..
7 5 2 MM............AA.....DDB...C.B...C..
6 6 0 ...MM...........AA...DD....C.B...C.B
7 5 2 ...MM.........AA.....DD....C.B...C.B
6 6 0 ..MM............AA...DD....C.B...C.B
7 5 2 ..MM..........AA.....DD....C.B...C.B
6 6 0 .MM.............AA...DD....C.B...C.B
7 5 2 .MM...........AA.....DD....C.B...C.B
6 6 0 MM..............AA...DD....C.B...C.B
7 5 2 MM............AA.....DD....C.B...C.B
6 6 0 ...MM...........AA..DD.B...C.B...C..
7 5 2 ...MM.........AA....DD.B...C.B...C..
6 6 0 ..MM............AA..DD.B...C.B...C..
7 5 2 ..MM..........AA....DD.B...C.B...C..
6 6 0 .MM.............AA..DD.B...C.B...C..
7 5 2 .MM...........AA....DD.B...C.B...C..
6 6 0 MM..............AA..DD.B...C.B...C..
7 5 2 MM............AA....DD.B...C.B...C..
6 6 0 ...MM...........AA..DD.....C.B...C.B
7 5 2 ...MM.........AA....DD.....C.B...C.B
6 6 0 ..MM............AA..DD.....C.B...C.B
7 5 2 ..MM..........AA....DD.....C.B...C.B
6 6 0 .MM.............AA..DD.....C.B...C.B
7 5 2 .MM...........AA....DD.....C.B...C.B
6 6 0 MM..............AA..DD.....C.B...C.B
7 5 2 MM............AA....DD.....C.B...C.B
6 6 0 ...MM...........AA.DD..B...C.B...C..
7 5 2 ...MM.........AA...DD..B...C.B...C..
6 6 0 ..MM............AA.DD..B...C.B...C..
7 5 2 ..MM..........AA...DD..B...C.B...C..
6 6 0 .MM.............AA.DD..B...C.B...C..
7 5 2 .MM...........AA...DD..B...C.B...C..
6 6 0 MM..............AA.DD..B...C.B...C..
7 5 2 MM............AA...DD..B...C.B...C..
6 6 0 ....MM..........AA.DDC.B...C.B......
7 5 2 ....MM........AA...DDC.B...C.B......
6 6 0 ...MM...........AA.DD......C.B...C.B
7 5 2 ...MM.........AA...DD......C.B...C.B
6 6 0 ..MM............AA.DD......C.B...C.B
7 5 2 ..MM..........AA...DD......C.B...C.B
6 6 0 .MM.............AA.DD......C.B...C.B
7 5 2 .MM...........AA...DD......C.B...C.B
6 6 0 MM..............AA.DD......C.B...C.B
7 5 2 MM............AA...DD......C.B...C.B
6 6 0 ....MM..........AA.DDC.....C.B.....B
7 5 2 ....MM........AA...DDC.....C.B.....B
6 6 0 ...MM...........AADD...B...C.B...C..
7 5 2 ...MM.........AA..DD...B...C.B...C..
6 6 0 ..MM............AADD...B...C.B...C..
7 5 2 ..MM..........AA..DD...B...C.B...C..
6 6 0 .MM.............AADD...B...C.B...C..
7 5 2 .MM...........AA..DD...B...C.B...C..
6 6 0 MM..............AADD...B...C.B...C..
7 5 2 MM............AA..DD...B...C.B...C..
6 6 0 ....MM..........AADD.C.B...C.B......
7 5 2 ....MM........AA..DD.C.B...C.B......
6 6 0 ...MM...........AADD.......C.B...C.B
7 5 2 ...MM.........AA..DD.......C.B...C.B
6 6 0 ..MM............AADD.......C.B...C.B
7 5 2 ..MM..........AA..DD.......C.B...C.B
6 6 0 .MM.............AADD.......C.B...C.B
7 5 2 .MM...........AA..DD.......C.B...C.B
6 6 0 MM..............AADD.......C.B...C.B
7 5 2 MM............AA..DD.......C.B...C.B
6 6 0 ....MM..........AADD.C.....C.B.....B
7 5 2 ....MM........AA..DD.C.....C.B.....B
6 6 0 ....MM..........AA....DD...C.B...C.B
7 5 2 ....MM........AA......DD...C.B...C.B
7 4 3 ...MMB...C.BAA.C.....DD.............
7 4 3 ...MMB...C.BAA.C....DD..............
7 4 3 ...MMB...C.BAA.C...DD...............
7 4 3 ...MMB...C.BAA.C..DD................
7 4 3 ..MM.B...C.BAA.C.....DD.............
7 4 3 ..MM.B...C.BAA.C....DD..............
7 4 3 ..MM.B...C.BAA.C...DD...............
7 4 3 ..MM.B...C.BAA.C..DD................
7 4 3 .MM..B...C.BAA.C.....DD.............
7 4 3 .MM..B...C.BAA.C....DD..............
7 4 3 .MM..B...C.BAA.C...DD...............
7 4 3 .MM..B...C.BAA.C..DD................
6 6 0 .MMC.B...C.B....AA...DD.............
7 5 2 .MMC.B...C.B..AA.....DD.............
6 6 0 .MMC.B...C.B....AA..DD..............
7 5 2 .MMC.B...C.B..AA....DD..............
6 6 0 .MMC.B...C.B....AA.DD...............
7 5 2 .MMC.B...C.B..AA...DD...............
6 6 0 .MMC.B...C.B....AADD................
7 5 2 .MMC.B...C.B..AA..DD................
7 4 3 .MMC.....C..AA...B...DDB............
7 4 3 .MMC.....C..AA...B..DD.B............
7 4 3 .MMC.....C..AA...B.DD..B............
7 4 3 .MMC.....C..AA...BDD...B............
7 4 3 MM...B...C.BAA.C.....DD.............
7 4 3 MM...B...C.BAA.C....DD..............
7 4 3 MM...B...C.BAA.C...DD...............
7 4 3 MM...B...C.BAA.C..DD................
6 6 0 MM.C.B...C.B....AA...DD.............
7 5 2 MM.C.B...C.B..AA.....DD.............
6 6 0 MM.C.B...C.B....AA..DD..............
7 5 2 MM.C.B...C.B..AA....DD..............
6 6 0 MM.C.B...C.B....AA.DD...............
7 5 2 MM.C.B...C.B..AA...DD...............
6 6 0 MM.C.B...C.B....AADD................
7 5 2 MM.C.B...C.B..AA..DD................
7 4 3 MM.C.....C..AA...B...DDB............
7 4 3 MM.C.....C..AA...B..DD.B............
7 4 3 MM.C.....C..AA...B.DD..B............
7 4 3 MM.C.....C..AA...BDD...B............
7 4 3 ...MM.......AA...B...DDB...C.....C..
7 4 3 ..MM........AA...B...DDB...C.....C..
7 4 3 .MM.........AA...B...DDB...C.....C..
7 4 3 MM..........AA...B...DDB...C.....C..
7 4 3 ...MM.......AA...B..DD.B...C.....C..
7 4 3 ..MM........AA...B..DD.B...C.....C..
7 4 3 .MM.........AA...B..DD.B...C.....C..
7 4 3 MM..........AA...B..DD.B...C.....C..
7 4 3 ...MM.......AA...B.DD..B...C.....C..
7 4 3 ..MM........AA...B.DD..B...C.....C..
7 4 3 .MM.........AA...B.DD..B...C.....C..
7 4 3 MM..........AA...B.DD..B...C.....C..
7 4 3 ...MM......BAA...B.DDC.....C........
7 4 3 ..MM.......BAA...B.DDC.....C........
7 4 3 .MM........BAA...B.DDC.....C........
7 4 3 MM.........BAA...B.DDC.....C........
7 4 3 ....MM......AA...B.DDC.B...C........
7 4 3 ...MM.......AA...BDD...B...C.....C..
7 4 3 ..MM........AA...BDD...B...C.....C..
7 4 3 .MM.........AA...BDD...B...C.....C..
7 4 3 MM..........AA...BDD...B...C.....C..
7 4 3 ...MM......BAA...BDD.C.....C........
7 4 3 ..MM.......BAA...BDD.C.....C........
7 4 3 .MM........BAA...BDD.C.....C........
7 4 3 MM.........BAA...BDD.C.....C........
7 4 3 ....MM......AA...BDD.C.B...C........
7 6 1 ...MM.........AA.B.DDC.B...C........
7 6 1 ..MM..........AA.B.DDC.B...C........
7 6 1 .MM...........AA.B.DDC.B...C........
7 6 1 MM............AA.B.DDC.B...C........
7 6 1 ...MM.........AA.BDD.C.B...C........
7 6 1 ..MM..........AA.BDD.C.B...C........
7 6 1 .MM...........AA.BDD.C.B...C........
7 6 1 MM............AA.BDD.C.B...C........
7 5 2 ....MM.......AAC...DDC.B.....B......
7 5 2 ....MM.......AAC...DDC.......B.....B
7 5 2 ....MM.......AAC..DD.C.B.....B......
7 5 2 ....MM.......AAC..DD.C.......B.....B
7 6 1 ...MM........AAC.B.DDC.B............
7 6 1 ..MM.........AAC.B.DDC.B............
7 6 1 .MM..........AAC.B.DDC.B............
7 6 1 MM...........AAC.B.DDC.B............
7 6 1 ...MM........AAC.BDD.C.B............
7 6 1 ..MM.........AAC.BDD.C.B............
7 6 1 .MM..........AAC.BDD.C.B............
7 6 1 MM...........AAC.BDD.C.B............
7 4 3 .MMC.B...C.B.AA.......DD............
7 4 3 MM.C.B...C.B.AA.......DD............
7 4 3 ...CMM...C...AA......DDB.....B......
7 4 3 ...CMM...C...AA......DD......B.....B
7 4 3 ...CMM...C...AA.....DD.B.....B......
7 4 3 ...CMM...C...AA.....DD.......B.....B
7 4 3 ...CMM...C...AA....DD..B.....B......
7 4 3 ...CMM...C...AA....DD........B.....B
7 4 3 ...CMM...C...AA...DD...B.....B......
7 4 3 ...CMM...C...AA...DD.........B.....B
7 4 3 ...MMB.....B.AA......CDD...C........
7 4 3 ..MM.B.....B.AA......CDD...C........
7 4 3 .MM..B.....B.AA......CDD...C........
7 4 3 MM...B.....B.AA......CDD...C........
7 4 3 ...MMB.....B.AA.......DD...C.....C..
7 4 3 ..MM.B.....B.AA.......DD...C.....C..
7 4 3 .MM..B.....B.AA.......DD...C.....C..
7 4 3 MM...B.....B.AA.......DD...C.....C..
7 4 3 ....MM.......AA......DDB...C.B...C..
7 4 3 ....MM.......AA......DD....C.B...C.B
7 4 3 ....MM.......AA.....DD.B...C.B...C..
7 4 3 ....MM.......AA.....DD.....C.B...C.B
7 4 3 ....MM.......AA....DD..B...C.B...C..
7 4 3 ....MM......AA.C...DDC.B.....B......
7 4 3 ....MM.......AA....DD......C.B...C.B
7 4 3 ....MM......AA.C...DDC.......B.....B
7 4 3 ....MM.......AA...DD...B...C.B...C..
7 4 3 ....MM......AA.C..DD.C.B.....B......
7 4 3 ....MM.......AA...DD.......C.B...C.B
7 4 3 ....MM......AA.C..DD.C.......B.....B
7 6 1 .MMC.....C.....AA....DDB.....B......
7 6 1 .MMC.....C.....AA....DD......B.....B
7 6 1 .MMC.....C.....AA...DD.B.....B......
7 6 1 .MMC.....C.....AA...DD.......B.....B
7 6 1 .MMC.....C.....AA..DD..B.....B......
7 6 1 .MMC.....C.....AA..DD........B.....B
7 6 1 .MMC.....C.....AA.DD...B.....B......
7 6 1 .MMC.....C.....AA.DD.........B.....B
7 6 1 MM.C.....C.....AA....DDB.....B......
7 6 1 MM.C.....C.....AA....DD......B.....B
7 6 1 MM.C.....C.....AA...DD.B.....B......
7 6 1 MM.C.....C.....AA...DD.......B.....B
7 6 1 MM.C.....C.....AA..DD..B.....B......
7 6 1 MM.C.....C.....AA..DD........B.....B
7 6 1 MM.C.....C.....AA.DD...B.....B......
7 6 1 MM.C.....C.....AA.DD.........B.....B
7 5 2 ...MM....C...AAC.....DDB.....B......
7 5 2 ..MM.....C...AAC.....DDB.....B......
7 5 2 .MM......C...AAC.....DDB.....B......
7 5 2 MM.......C...AAC.....DDB.....B......
7 5 2 ...MM....C...AAC.....DD......B.....B
7 5 2 ..MM.....C...AAC.....DD......B.....B
7 5 2 .MM......C...AAC.....DD......B.....B
7 5 2 MM.......C...AAC.....DD......B.....B
7 5 2 ...MM....C...AAC....DD.B.....B......
7 5 2 ..MM.....C...AAC....DD.B.....B......
7 5 2 .MM......C...AAC....DD.B.....B......
7 5 2 MM.......C...AAC....DD.B.....B......
7 5 2 ...MM....C...AAC....DD.......B.....B
7 5 2 ..MM.....C...AAC....DD.......B.....B
7 5 2 .MM......C...AAC....DD.......B.....B
7 5 2 MM.......C...AAC....DD.......B.....B
7 5 2 ...MM....C...AAC...DD..B.....B......
7 5 2 ..MM.....C...AAC...DD..B.....B......
7 5 2 .MM......C...AAC...DD..B.....B......
7 5 2 MM.......C...AAC...DD..B.....B......
7 5 2 ...MM....C...AAC...DD........B.....B
7 5 2 ..MM.....C...AAC...DD........B.....B
7 5 2 .MM......C...AAC...DD........B.....B
7 5 2 MM.......C...AAC...DD........B.....B
7 5 2 ...MM....C...AAC..DD...B.....B......
7 5 2 ..MM.....C...AAC..DD...B.....B......
7 5 2 .MM......C...AAC..DD...B.....B......
7 5 2 MM.......C...AAC..DD...B.....B......
7 5 2 ...MM....C...AAC..DD.........B.....B
7 5 2 ..MM.....C...AAC..DD.........B.....B
7 5 2 .MM......C...AAC..DD.........B.....B
7 5 2 MM.......C...AAC..DD.........B.....B
7 5 2 ....MM...C...AAC......DD.....B.....B
7 6 1 ...CMM...C.....AA.....DD.....B.....B
7 6 1 ...MMB.....B...AA....DD....C.....C..
7 6 1 ...MMB.....B...AA...DD.....C.....C..
7 6 1 ...MMB.....B...AA..DD......C.....C..
7 6 1 ...MMB.....B...AA.DD.......C.....C..
7 6 1 ..MM.B.....B...AA....DD....C.....C..
7 6 1 ..MM.B.....B...AA...DD.....C.....C..
7 6 1 ..MM.B.....B...AA..DD......C.....C..
7 6 1 ..MM.B.....B...AA.DD.......C.....C..
7 6 1 .MM..B.....B...AA....DD....C.....C..
7 6 1 .MM..B.....B...AA...DD.....C.....C..
7 6 1 .MM..B.....B...AA..DD......C.....C..
7 6 1 .MM..B.....B...AA.DD.......C.....C..
7 6 1 MM...B.....B...AA....DD....C.....C..
7 6 1 MM...B.....B...AA...DD.....C.....C..
7 6 1 MM...B.....B...AA..DD......C.....C..
7 6 1 MM...B.....B...AA.DD.......C.....C..
7 6 1 ...MM..........AA....DDB...C.B...C..
7 6 1 ..MM...........AA....DDB...C.B...C..
7 6 1 .MM............AA....DDB...C.B...C..
7 6 1 MM.............AA....DDB...C.B...C..
7 6 1 ...MM..........AA....DD....C.B...C.B
7 6 1 ..MM...........AA....DD....C.B...C.B
7 6 1 .MM............AA....DD....C.B...C.B
7 6 1 MM.............AA....DD....C.B...C.B
7 6 1 ...MM..........AA...DD.B...C.B...C..
7 6 1 ..MM...........AA...DD.B...C.B...C..
7 6 1 .MM............AA...DD.B...C.B...C..
7 6 1 MM.............AA...DD.B...C.B...C..
7 6 1 ...MM..........AA...DD.....C.B...C.B
7 6 1 ..MM...........AA...DD.....C.B...C.B
7 6 1 .MM............AA...DD.....C.B...C.B
7 6 1 MM.............AA...DD.....C.B...C.B
7 6 1 ...MM..........AA..DD..B...C.B...C..
7 6 1 ..MM...........AA..DD..B...C.B...C..
7 6 1 .MM............AA..DD..B...C.B...C..
7 6 1 MM.............AA..DD..B...C.B...C..
7 6 1 ....MM.........AA..DDC.B...C.B......
7 6 1 ...MM..........AA..DD......C.B...C.B
7 6 1 ..MM...........AA..DD......C.B...C.B
7 6 1 .MM............AA..DD......C.B...C.B
7 6 1 MM.............AA..DD......C.B...C.B
7 6 1 ....MM.........AA..DDC.....C.B.....B
7 6 1 ...MM..........AA.DD...B...C.B...C..
7 6 1 ..MM...........AA.DD...B...C.B...C..
7 6 1 .MM............AA.DD...B...C.B...C..
7 6 1 MM.............AA.DD...B...C.B...C..
7 6 1 ....MM.........AA.DD.C.B...C.B......
7 6 1 ...MM..........AA.DD.......C.B...C.B
7 6 1 ..MM...........AA.DD.......C.B...C.B
7 6 1 .MM............AA.DD.......C.B...C.B
7 6 1 MM.............AA.DD.......C.B...C.B
7 6 1 ....MM.........AA.DD.C.....C.B.....B
7 6 1 ....MM.........AA.....DD...C.B...C.B
7 5 2 ...MMB...C.B.AAC.....DD.............
7 5 2 ...MMB...C.B.AAC....DD..............
7 5 2 ...MMB...C.B.AAC...DD...............
7 5 2 ...MMB...C.B.AAC..DD................
7 5 2 ..MM.B...C.B.AAC.....DD.............
7 5 2 ..MM.B...C.B.AAC....DD..............
7 5 2 ..MM.B...C.B.AAC...DD...............
7 5 2 ..MM.B...C.B.AAC..DD................
7 5 2 .MM..B...C.B.AAC.....DD.............
7 5 2 .MM..B...C.B.AAC....DD..............
7 5 2 .MM..B...C.B.AAC...DD...............
7 5 2 .MM..B...C.B.AAC..DD................
7 6 1 .MMC.B...C.B...AA....DD.............
7 6 1 .MMC.B...C.B...AA...DD..............
7 6 1 .MMC.B...C.B...AA..DD...............
7 6 1 .MMC.B...C.B...AA.DD................
7 5 2 .MMC.....C...AA..B...DDB............
7 5 2 .MMC.....C...AA..B..DD.B............
7 5 2 .MMC.....C...AA..B.DD..B............
7 5 2 .MMC.....C...AA..BDD...B............
7 5 2 MM...B...C.B.AAC.....DD.............
7 5 2 MM...B...C.B.AAC....DD..............
7 5 2 MM...B...C.B.AAC...DD...............
7 5 2 MM...B...C.B.AAC..DD................
7 6 1 MM.C.B...C.B...AA....DD.............
7 6 1 MM.C.B...C.B...AA...DD..............
7 6 1 MM.C.B...C.B...AA..DD...............
7 6 1 MM.C.B...C.B...AA.DD................
7 5 2 MM.C.....C...AA..B...DDB............
7 5 2 MM.C.....C...AA..B..DD.B............
7 5 2 MM.C.....C...AA..B.DD..B............
7 5 2 MM.C.....C...AA..BDD...B............
7 5 2 ...MM........AA..B...DDB...C.....C..
7 5 2 ..MM.........AA..B...DDB...C.....C..
7 5 2 .MM..........AA..B...DDB...C.....C..
7 5 2 MM...........AA..B...DDB...C.....C..
7 5 2 ...MM........AA..B..DD.B...C.....C..
7 5 2 ..MM.........AA..B..DD.B...C.....C..
7 5 2 .MM..........AA..B..DD.B...C.....C..
7 5 2 MM...........AA..B..DD.B...C.....C..
7 5 2 ...MM........AA..B.DD..B...C.....C..
7 5 2 ...MM.......AA.C.B.DDC.B............
7 5 2 ..MM.........AA..B.DD..B...C.....C..
7 5 2 ..MM........AA.C.B.DDC.B............
7 5 2 .MM..........AA..B.DD..B...C.....C..
7 5 2 .MM.........AA.C.B.DDC.B............
7 5 2 MM...........AA..B.DD..B...C.....C..
7 5 2 MM..........AA.C.B.DDC.B............
7 5 2 ...MM......B.AA..B.DDC.....C........
7 5 2 ..MM.......B.AA..B.DDC.....C........
7 5 2 .MM........B.AA..B.DDC.....C........
7 5 2 MM.........B.AA..B.DDC.....C........
7 5 2 ....MM.......AA..B.DDC.B...C........
7 5 2 ...MM........AA..BDD...B...C.....C..
7 5 2 ...MM.......AA.C.BDD.C.B............
7 5 2 ..MM.........AA..BDD...B...C.....C..
7 5 2 ..MM........AA.C.BDD.C.B............
7 5 2 .MM..........AA..BDD...B...C.....C..
7 5 2 .MM.........AA.C.BDD.C.B............
7 5 2 MM...........AA..BDD...B...C.....C..
7 5 2 MM..........AA.C.BDD.C.B............
7 5 2 ...MM......B.AA..BDD.C.....C........
7 5 2 ..MM.......B.AA..BDD.C.....C........
7 5 2 .MM........B.AA..BDD.C.....C........
7 5 2 MM.........B.AA..BDD.C.....C........
7 5 2 ....MM.......AA..BDD.C.B...C........
7 7 0 ...MM..........AAB.DDC.B...C........
7 7 0 ..MM...........AAB.DDC.B...C........
7 7 0 .MM............AAB.DDC.B...C........
7 7 0 MM.............AAB.DDC.B...C........
7 7 0 ...MM..........AABDD.C.B...C........
7 7 0 ..MM...........AABDD.C.B...C........
7 7 0 .MM............AABDD.C.B...C........
7 7 0 MM.............AABDD.C.B...C........
8 4 4 .MMC.....C..AA.......DDB.....B......
8 4 4 .MMC.....C..AA.......DD......B.....B
8 4 4 .MMC.....C..AA......DD.B.....B......
8 4 4 .MMC.....C..AA......DD.......B.....B
8 4 4 .MMC.....C..AA.....DD..B.....B......
8 4 4 .MMC.....C..AA.....DD........B.....B
8 4 4 .MMC.....C..AA....DD...B.....B......
8 4 4 .MMC.....C..AA....DD.........B.....B
8 4 4 MM.C.....C..AA.......DDB.....B......
8 4 4 MM.C.....C..AA.......DD......B.....B
8 4 4 MM.C.....C..AA......DD.B.....B......
8 4 4 MM.C.....C..AA......DD.......B.....B
8 4 4 MM.C.....C..AA.....DD..B.....B......
8 4 4 MM.C.....C..AA.....DD........B.....B
8 4 4 MM.C.....C..AA....DD...B.....B......
8 4 4 MM.C.....C..AA....DD.........B.....B
8 4 4 .MMC.B...C.BAA.......DD.............
8 4 4 .MMC.B...C.BAA......DD..............
8 4 4 .MMC.B...C.BAA.....DD...............
8 4 4 .MMC.B...C.BAA....DD................
8 4 4 MM.C.B...C.BAA.......DD.............
8 4 4 MM.C.B...C.BAA......DD..............
8 4 4 MM.C.B...C.BAA.....DD...............
8 4 4 MM.C.B...C.BAA....DD................
8 4 4 ...CMM...C..AA........DD.....B.....B
8 4 4 ...MMB.....BAA.......DD....C.....C..
8 4 4 ...MMB.....BAA......DD.....C.....C..
8 4 4 ...MMB.....BAA.....DD......C.....C..
8 4 4 ...MMB.....BAA....DD.......C.....C..
8 4 4 ..MM.B.....BAA.......DD....C.....C..
8 4 4 ..MM.B.....BAA......DD.....C.....C..
8 4 4 ..MM.B.....BAA.....DD......C.....C..
8 4 4 ..MM.B.....BAA....DD.......C.....C..
8 4 4 .MM..B.....BAA.......DD....C.....C..
8 4 4 .MM..B.....BAA......DD.....C.....C..
8 4 4 .MM..B.....BAA.....DD......C.....C..
8 4 4 .MM..B.....BAA....DD.......C.....C..
8 4 4 MM...B.....BAA.......DD....C.....C..
8 4 4 MM...B.....BAA......DD.....C.....C..
8 4 4 MM...B.....BAA.....DD......C.....C..
8 4 4 MM...B.....BAA....DD.......C.....C..
8 4 4 ...MM.......AA.......DDB...C.B...C..
8 4 4 ..MM........AA.......DDB...C.B...C..
8 4 4 .MM.........AA.......DDB...C.B...C..
8 4 4 MM..........AA.......DDB...C.B...C..
8 4 4 ...MM.......AA.......DD....C.B...C.B
8 4 4 ..MM........AA.......DD....C.B...C.B
8 4 4 .MM.........AA.......DD....C.B...C.B
8 4 4 MM..........AA.......DD....C.B...C.B
8 4 4 ...MM.......AA......DD.B...C.B...C..
8 4 4 ..MM........AA......DD.B...C.B...C..
8 4 4 .MM.........AA......DD.B...C.B...C..
8 4 4 MM..........AA......DD.B...C.B...C..
8 4 4 ...MM.......AA......DD.....C.B...C.B
8 4 4 ..MM........AA......DD.....C.B...C.B
8 4 4 .MM.........AA......DD.....C.B...C.B
8 4 4 MM..........AA......DD.....C.B...C.B
8 4 4 ...MM.......AA.....DD..B...C.B...C..
8 4 4 ..MM........AA.....DD..B...C.B...C..
8 4 4 .MM.........AA.....DD..B...C.B...C..
8 4 4 MM..........AA.....DD..B...C.B...C..
8 4 4 ....MM......AA.....DDC.B...C.B......
8 4 4 ...MM.......AA.....DD......C.B...C.B
8 4 4 ..MM........AA.....DD......C.B...C.B
8 4 4 .MM.........AA.....DD......C.B...C.B
8 4 4 MM..........AA.....DD......C.B...C.B
8 4 4 ....MM......AA.....DDC.....C.B.....B
8 4 4 ...MM.......AA....DD...B...C.B...C..
8 4 4 ..MM........AA....DD...B...C.B...C..
8 4 4 .MM.........AA....DD...B...C.B...C..
8 4 4 MM..........AA....DD...B...C.B...C..
8 4 4 ....MM......AA....DD.C.B...C.B......
8 4 4 ...MM.......AA....DD.......C.B...C.B
8 4 4 ..MM........AA....DD.......C.B...C.B
8 4 4 .MM.........AA....DD.......C.B...C.B
8 4 4 MM..........AA....DD.......C.B...C.B
8 4 4 ....MM......AA....DD.C.....C.B.....B
8 4 4 ....MM......AA........DD...C.B...C.B
7 7 0 .MMC.....C......AA....DD.....B.....B
8 6 2 .MMC.....C....AA......DD.....B.....B
7 7 0 MM.C.....C......AA....DD.....B.....B
8 6 2 MM.C.....C....AA......DD.....B.....B
8 5 3 ...MM....C..AA.C......DD.....B.....B
8 5 3 ..MM.....C..AA.C......DD.....B.....B
8 5 3 .MM......C..AA.C......DD.....B.....B
8 5 3 MM.......C..AA.C......DD.....B.....B
7 7 0 ...MMB.....B....AA.DDC.....C........
8 6 2 ...MMB.....B..AA...DDC.....C........
7 7 0 ...MMB.....B....AADD.C.....C........
8 6 2 ...MMB.....B..AA..DD.C.....C........
7 7 0 ..MM.B.....B....AA.DDC.....C........
8 6 2 ..MM.B.....B..AA...DDC.....C........
7 7 0 ..MM.B.....B....AADD.C.....C........
8 6 2 ..MM.B.....B..AA..DD.C.....C........
7 7 0 .MM..B.....B....AA.DDC.....C........
8 6 2 .MM..B.....B..AA...DDC.....C........
7 7 0 .MM..B.....B....AADD.C.....C........
8 6 2 .MM..B.....B..AA..DD.C.....C........
7 7 0 MM...B.....B....AA.DDC.....C........
8 6 2 MM...B.....B..AA...DDC.....C........
7 7 0 MM...B.....B....AADD.C.....C........
8 6 2 MM...B.....B..AA..DD.C.....C........
7 7 0 ...MM...........AA.DDC.B...C.B......
8 6 2 ...MM.........AA...DDC.B...C.B......
7 7 0 ..MM............AA.DDC.B...C.B......
8 6 2 ..MM..........AA...DDC.B...C.B......
7 7 0 .MM.............AA.DDC.B...C.B......
8 6 2 .MM...........AA...DDC.B...C.B......
7 7 0 MM..............AA.DDC.B...C.B......
8 6 2 MM............AA...DDC.B...C.B......
7 7 0 ...MM...........AA.DDC.....C.B.....B
8 6 2 ...MM.........AA...DDC.....C.B.....B
7 7 0 ..MM............AA.DDC.....C.B.....B
8 6 2 ..MM..........AA...DDC.....C.B.....B
7 7 0 .MM.............AA.DDC.....C.B.....B
8 6 2 .MM...........AA...DDC.....C.B.....B
7 7 0 MM..............AA.DDC.....C.B.....B
8 6 2 MM............AA...DDC.....C.B.....B
7 7 0 ...MM...........AADD.C.B...C.B......
8 6 2 ...MM.........AA..DD.C.B...C.B......
7 7 0 ..MM............AADD.C.B...C.B......
8 6 2 ..MM..........AA..DD.C.B...C.B......
7 7 0 .MM.............AADD.C.B...C.B......
8 6 2 .MM...........AA..DD.C.B...C.B......
7 7 0 MM..............AADD.C.B...C.B......
8 6 2 MM............AA..DD.C.B...C.B......
7 7 0 ...MM...........AADD.C.....C.B.....B
8 6 2 ...MM.........AA..DD.C.....C.B.....B
7 7 0 ..MM............AADD.C.....C.B.....B
8 6 2 ..MM..........AA..DD.C.....C.B.....B
7 7 0 .MM.............AADD.C.....C.B.....B
8 6 2 .MM...........AA..DD.C.....C.B.....B
7 7 0 MM..............AADD.C.....C.B.....B
8 6 2 MM............AA..DD.C.....C.B.....B
7 7 0 ...MM...........AA....DD...C.B...C.B
8 6 2 ...MM.........AA......DD...C.B...C.B
7 7 0 ..MM............AA....DD...C.B...C.B
8 6 2 ..MM..........AA......DD...C.B...C.B
7 7 0 .MM.............AA....DD...C.B...C.B
8 6 2 .MM...........AA......DD...C.B...C.B
7 7 0 MM..............AA....DD...C.B...C.B
8 6 2 MM............AA......DD...C.B...C.B
7 7 0 ....MM..........AA...CDD...C.B.....B
8 6 2 ....MM........AA.....CDD...C.B.....B
8 5 3 ...MM.......AA...B.DDC.B...C........
8 5 3 ..MM........AA...B.DDC.B...C........
8 5 3 .MM.........AA...B.DDC.B...C........
8 5 3 MM..........AA...B.DDC.B...C........
8 5 3 ...MM.......AA...BDD.C.B...C........
8 5 3 ..MM........AA...BDD.C.B...C........
8 5 3 .MM.........AA...BDD.C.B...C........
8 5 3 MM..........AA...BDD.C.B...C........
8 6 2 ...MM........AAC...DDC.B.....B......
8 6 2 ..MM.........AAC...DDC.B.....B......
8 6 2 .MM..........AAC...DDC.B.....B......
8 6 2 MM...........AAC...DDC.B.....B......
8 6 2 ...MM........AAC...DDC.......B.....B
8 6 2 ..MM.........AAC...DDC.......B.....B
8 6 2 .MM..........AAC...DDC.......B.....B
8 6 2 MM...........AAC...DDC.......B.....B
8 6 2 ...MM........AAC..DD.C.B.....B......
8 6 2 ..MM.........AAC..DD.C.B.....B......
8 6 2 .MM..........AAC..DD.C.B.....B......
8 6 2 MM...........AAC..DD.C.B.....B......
8 6 2 ...MM........AAC..DD.C.......B.....B
8 6 2 ..MM.........AAC..DD.C.......B.....B
8 6 2 .MM..........AAC..DD.C.......B.....B
8 6 2 MM...........AAC..DD.C.......B.....B
8 6 2 ....MM.......AAC.....CDD.....B.....B
8 6 2 ...MMB.....B.AAC...DDC..............
8 6 2 ...MMB.....B.AAC..DD.C..............
8 6 2 ..MM.B.....B.AAC...DDC..............
8 6 2 ..MM.B.....B.AAC..DD.C..............
8 6 2 .MM..B.....B.AAC...DDC..............
8 6 2 .MM..B.....B.AAC..DD.C..............
8 6 2 MM...B.....B.AAC...DDC..............
8 6 2 MM...B.....B.AAC..DD.C..............
8 5 3 .MMC.....C...AA......DDB.....B......
8 5 3 .MMC.....C...AA......DD......B.....B
8 5 3 .MMC.....C...AA.....DD.B.....B......
8 5 3 .MMC.....C...AA.....DD.......B.....B
8 5 3 .MMC.....C...AA....DD..B.....B......
8 5 3 .MMC.....C...AA....DD........B.....B
8 5 3 .MMC.....C...AA...DD...B.....B......
8 5 3 .MMC.....C...AA...DD.........B.....B
8 5 3 MM.C.....C...AA......DDB.....B......
8 5 3 MM.C.....C...AA......DD......B.....B
8 5 3 MM.C.....C...AA.....DD.B.....B......
8 5 3 MM.C.....C...AA.....DD.......B.....B
8 5 3 MM.C.....C...AA....DD..B.....B......
8 5 3 MM.C.....C...AA....DD........B.....B
8 5 3 MM.C.....C...AA...DD...B.....B......
8 5 3 MM.C.....C...AA...DD.........B.....B
8 5 3 .MMC.B...C.B.AA......DD.............
8 5 3 .MMC.B...C.B.AA.....DD..............
8 5 3 .MMC.B...C.B.AA....DD...............
8 5 3 .MMC.B...C.B.AA...DD................
8 5 3 MM.C.B...C.B.AA......DD.............
8 5 3 MM.C.B...C.B.AA.....DD..............
8 5 3 MM.C.B...C.B.AA....DD...............
8 5 3 MM.C.B...C.B.AA...DD................
8 5 3 ...CMM...C...AA.......DD.....B.....B
8 5 3 ...MMB.....B.AA......DD....C.....C..
8 5 3 ...MMB.....B.AA.....DD.....C.....C..
8 5 3 ...MMB.....B.AA....DD......C.....C..
8 5 3 ...MMB.....BAA.C...DDC..............
8 5 3 ...MMB.....B.AA...DD.......C.....C..
8 5 3 ...MMB.....BAA.C..DD.C..............
8 5 3 ..MM.B.....B.AA......DD....C.....C..
8 5 3 ..MM.B.....B.AA.....DD.....C.....C..
8 5 3 ..MM.B.....B.AA....DD......C.....C..
8 5 3 ..MM.B.....BAA.C...DDC..............
8 5 3 ..MM.B.....B.AA...DD.......C.....C..
8 5 3 ..MM.B.....BAA.C..DD.C..............
8 5 3 .MM..B.....B.AA......DD....C.....C..
8 5 3 .MM..B.....B.AA.....DD.....C.....C..
8 5 3 .MM..B.....B.AA....DD......C.....C..
8 5 3 .MM..B.....BAA.C...DDC..............
8 5 3 .MM..B.....B.AA...DD.......C.....C..
8 5 3 .MM..B.....BAA.C..DD.C..............
8 5 3 MM...B.....B.AA......DD....C.....C..
8 5 3 MM...B.....B.AA.....DD.....C.....C..
8 5 3 MM...B.....B.AA....DD......C.....C..
8 5 3 MM...B.....BAA.C...DDC..............
8 5 3 MM...B.....B.AA...DD.......C.....C..
8 5 3 MM...B.....BAA.C..DD.C..............
8 5 3 ...MM........AA......DDB...C.B...C..
8 5 3 ..MM.........AA......DDB...C.B...C..
8 5 3 .MM..........AA......DDB...C.B...C..
8 5 3 MM...........AA......DDB...C.B...C..
8 5 3 ...MM........AA......DD....C.B...C.B
8 5 3 ..MM.........AA......DD....C.B...C.B
8 5 3 .MM..........AA......DD....C.B...C.B
8 5 3 MM...........AA......DD....C.B...C.B
8 5 3 ...MM........AA.....DD.B...C.B...C..
8 5 3 ..MM.........AA.....DD.B...C.B...C..
8 5 3 .MM..........AA.....DD.B...C.B...C..
8 5 3 MM...........AA.....DD.B...C.B...C..
8 5 3 ...MM........AA.....DD.....C.B...C.B
8 5 3 ..MM.........AA.....DD.....C.B...C.B
8 5 3 .MM..........AA.....DD.....C.B...C.B
8 5 3 MM...........AA.....DD.....C.B...C.B
8 5 3 ...MM........AA....DD..B...C.B...C..
8 5 3 ...MM.......AA.C...DDC.B.....B......
8 5 3 ..MM.........AA....DD..B...C.B...C..
8 5 3 ..MM........AA.C...DDC.B.....B......
8 5 3 .MM..........AA....DD..B...C.B...C..
8 5 3 .MM.........AA.C...DDC.B.....B......
8 5 3 MM...........AA....DD..B...C.B...C..
8 5 3 MM..........AA.C...DDC.B.....B......
8 5 3 ....MM.......AA....DDC.B...C.B......
8 5 3 ...MM........AA....DD......C.B...C.B
8 5 3 ...MM.......AA.C...DDC.......B.....B
8 5 3 ..MM.........AA....DD......C.B...C.B
8 5 3 ..MM........AA.C...DDC.......B.....B
8 5 3 .MM..........AA....DD......C.B...C.B
8 5 3 .MM.........AA.C...DDC.......B.....B
8 5 3 MM...........AA....DD......C.B...C.B
8 5 3 MM..........AA.C...DDC.......B.....B
8 5 3 ....MM.......AA....DDC.....C.B.....B
8 5 3 ...MM........AA...DD...B...C.B...C..
8 5 3 ...MM.......AA.C..DD.C.B.....B......
8 5 3 ..MM.........AA...DD...B...C.B...C..
8 5 3 ..MM........AA.C..DD.C.B.....B......
8 5 3 .MM..........AA...DD...B...C.B...C..
8 5 3 .MM.........AA.C..DD.C.B.....B......
8 5 3 MM...........AA...DD...B...C.B...C..
8 5 3 MM..........AA.C..DD.C.B.....B......
8 5 3 ....MM.......AA...DD.C.B...C.B......
8 5 3 ...MM........AA...DD.......C.B...C.B
8 5 3 ...MM.......AA.C..DD.C.......B.....B
8 5 3 ..MM.........AA...DD.......C.B...C.B
8 5 3 ..MM........AA.C..DD.C.......B.....B
8 5 3 .MM..........AA...DD.......C.B...C.B
8 5 3 .MM.........AA.C..DD.C.......B.....B
8 5 3 MM...........AA...DD.......C.B...C.B
8 5 3 MM..........AA.C..DD.C.......B.....B
8 5 3 ....MM.......AA...DD.C.....C.B.....B
8 5 3 ....MM.......AA.......DD...C.B...C.B
8 5 3 ....MM......AA.C.....CDD.....B.....B
8 7 1 .MMC.....C.....AA.....DD.....B.....B
8 7 1 MM.C.....C.....AA.....DD.....B.....B
8 6 2 ...MM....C...AAC......DD.....B.....B
8 6 2 ..MM.....C...AAC......DD.....B.....B
8 6 2 .MM......C...AAC......DD.....B.....B
8 6 2 MM.......C...AAC......DD.....B.....B
8 7 1 ...MMB.....B...AA..DDC.....C........
8 7 1 ...MMB.....B...AA.DD.C.....C........
8 7 1 ..MM.B.....B...AA..DDC.....C........
8 7 1 ..MM.B.....B...AA.DD.C.....C........
8 7 1 .MM..B.....B...AA..DDC.....C........
8 7 1 .MM..B.....B...AA.DD.C.....C........
8 7 1 MM...B.....B...AA..DDC.....C........
8 7 1 MM...B.....B...AA.DD.C.....C........
8 7 1 ...MM..........AA..DDC.B...C.B......
8 7 1 ..MM...........AA..DDC.B...C.B......
8 7 1 .MM............AA..DDC.B...C.B......
8 7 1 MM.............AA..DDC.B...C.B......
8 7 1 ...MM..........AA..DDC.....C.B.....B
8 7 1 ..MM...........AA..DDC.....C.B.....B
8 7 1 .MM............AA..DDC.....C.B.....B
8 7 1 MM.............AA..DDC.....C.B.....B
8 7 1 ...MM..........AA.DD.C.B...C.B......
8 7 1 ..MM...........AA.DD.C.B...C.B......
8 7 1 .MM............AA.DD.C.B...C.B......
8 7 1 MM.............AA.DD.C.B...C.B......
8 7 1 ...MM..........AA.DD.C.....C.B.....B
8 7 1 ..MM...........AA.DD.C.....C.B.....B
8 7 1 .MM............AA.DD.C.....C.B.....B
8 7 1 MM.............AA.DD.C.....C.B.....B
8 7 1 ...MM..........AA.....DD...C.B...C.B
8 7 1 ..MM...........AA.....DD...C.B...C.B
8 7 1 .MM............AA.....DD...C.B...C.B
8 7 1 MM.............AA.....DD...C.B...C.B
8 7 1 ....MM.........AA....CDD...C.B.....B
8 6 2 ...MM........AA..B.DDC.B...C........
8 6 2 ..MM.........AA..B.DDC.B...C........
8 6 2 .MM..........AA..B.DDC.B...C........
8 6 2 MM...........AA..B.DDC.B...C........
8 6 2 ...MM........AA..BDD.C.B...C........
8 6 2 ..MM.........AA..BDD.C.B...C........
8 6 2 .MM..........AA..BDD.C.B...C........
8 6 2 MM...........AA..BDD.C.B...C........
9 5 4 .MMC.....C..AA........DD.....B.....B
9 5 4 MM.C.....C..AA........DD.....B.....B
9 5 4 ...MMB.....BAA.....DDC.....C........
9 5 4 ...MMB.....BAA....DD.C.....C........
9 5 4 ..MM.B.....BAA.....DDC.....C........
9 5 4 ..MM.B.....BAA....DD.C.....C........
9 5 4 .MM..B.....BAA.....DDC.....C........
9 5 4 .MM..B.....BAA....DD.C.....C........
9 5 4 MM...B.....BAA.....DDC.....C........
9 5 4 MM...B.....BAA....DD.C.....C........
9 5 4 ...MM.......AA.....DDC.B...C.B......
9 5 4 ..MM........AA.....DDC.B...C.B......
9 5 4 .MM.........AA.....DDC.B...C.B......
9 5 4 MM..........AA.....DDC.B...C.B......
9 5 4 ...MM.......AA.....DDC.....C.B.....B
9 5 4 ..MM........AA.....DDC.....C.B.....B
9 5 4 .MM.........AA.....DDC.....C.B.....B
9 5 4 MM..........AA.....DDC.....C.B.....B
9 5 4 ...MM.......AA....DD.C.B...C.B......
9 5 4 ..MM........AA....DD.C.B...C.B......
9 5 4 .MM.........AA....DD.C.B...C.B......
9 5 4 MM..........AA....DD.C.B...C.B......
9 5 4 ...MM.......AA....DD.C.....C.B.....B
9 5 4 ..MM........AA....DD.C.....C.B.....B
9 5 4 .MM.........AA....DD.C.....C.B.....B
9 5 4 MM..........AA....DD.C.....C.B.....B
9 5 4 ...MM.......AA........DD...C.B...C.B
9 5 4 ..MM........AA........DD...C.B...C.B
9 5 4 .MM.........AA........DD...C.B...C.B
9 5 4 MM..........AA........DD...C.B...C.B
9 5 4 ....MM......AA.......CDD...C.B.....B
8 8 0 ...MM...........AA...CDD...C.B.....B
9 7 2 ...MM.........AA.....CDD...C.B.....B
8 8 0 ..MM............AA...CDD...C.B.....B
9 7 2 ..MM..........AA.....CDD...C.B.....B
8 8 0 .MM.............AA...CDD...C.B.....B
9 7 2 .MM...........AA.....CDD...C.B.....B
8 8 0 MM..............AA...CDD...C.B.....B
9 7 2 MM............AA.....CDD...C.B.....B
9 7 2 ...MM........AAC.....CDD.....B.....B
9 7 2 ..MM.........AAC.....CDD.....B.....B
9 7 2 .MM..........AAC.....CDD.....B.....B
9 7 2 MM...........AAC.....CDD.....B.....B
9 6 3 .MMC.....C...AA.......DD.....B.....B
9 6 3 MM.C.....C...AA.......DD.....B.....B
9 6 3 ...MMB.....B.AA....DDC.....C........
9 6 3 ...MMB.....B.AA...DD.C.....C........
9 6 3 ..MM.B.....B.AA....DDC.....C........
9 6 3 ..MM.B.....B.AA...DD.C.....C........
9 6 3 .MM..B.....B.AA....DDC.....C........
9 6 3 .MM..B.....B.AA...DD.C.....C........
9 6 3 MM...B.....B.AA....DDC.....C........
9 6 3 MM...B.....B.AA...DD.C.....C........
9 6 3 ...MM........AA....DDC.B...C.B......
9 6 3 ..MM.........AA....DDC.B...C.B......
9 6 3 .MM..........AA....DDC.B...C.B......
9 6 3 MM...........AA....DDC.B...C.B......
9 6 3 ...MM........AA....DDC.....C.B.....B
9 6 3 ..MM.........AA....DDC.....C.B.....B
9 6 3 .MM..........AA....DDC.....C.B.....B
9 6 3 MM...........AA....DDC.....C.B.....B
9 6 3 ...MM........AA...DD.C.B...C.B......
9 6 3 ..MM.........AA...DD.C.B...C.B......
9 6 3 .MM..........AA...DD.C.B...C.B......
9 6 3 MM...........AA...DD.C.B...C.B......
9 6 3 ...MM........AA...DD.C.....C.B.....B
9 6 3 ..MM.........AA...DD.C.....C.B.....B
9 6 3 .MM..........AA...DD.C.....C.B.....B
9 6 3 MM...........AA...DD.C.....C.B.....B
9 6 3 ...MM........AA.......DD...C.B...C.B
9 6 3 ...MM.......AA.C.....CDD.....B.....B
9 6 3 ..MM.........AA.......DD...C.B...C.B
9 6 3 ..MM........AA.C.....CDD.....B.....B
9 6 3 .MM..........AA.......DD...C.B...C.B
9 6 3 .MM.........AA.C.....CDD.....B.....B
9 6 3 MM...........AA.......DD...C.B...C.B
9 6 3 MM..........AA.C.....CDD.....B.....B
9 6 3 ....MM.......AA......CDD...C.B.....B
9 8 1 ...MM..........AA....CDD...C.B.....B
9 8 1 ..MM...........AA....CDD...C.B.....B
9 8 1 .MM............AA....CDD...C.B.....B
9 8 1 MM.............AA....CDD...C.B.....B
10 6 4 ...MM.......AA.......CDD...C.B.....B
10 6 4 ..MM........AA.......CDD...C.B.....B
10 6 4 .MM.........AA.......CDD...C.B.....B
10 6 4 MM..........AA.......CDD...C.B.....B
10 7 3 ...MM........AA......CDD...C.B.....B
10 7 3 ..MM.........AA......CDD...C.B.....B
10 7 3 .MM..........AA......CDD...C.B.....B
10 7 3 MM...........AA......CDD...C.B.....B
