0 0 0 ....MM.....BAA.C.B...CDD............
3 1 2 ...CMM...C.BAA...B....DD............
3 1 2 ....MM.....BAA...B...CDD...C........
3 1 2 ....MM.....BAA...B....DD...C.....C..
4 2 2 ...CMM...C.B.AA..B....DD............
4 2 2 ...CMM...C.B..AA.B....DD............
4 2 2 ...CMM...C.B...AAB....DD............
3 3 0 ...CMM...C..AA.......DDB.....B......
3 3 0 ...CMM...C..AA.......DD......B.....B
4 2 2 ...CMM...C.BAA...B...DD.............
3 3 0 ...CMM...C..AA......DD.B.....B......
3 3 0 ...CMM...C..AA......DD.......B.....B
4 2 2 ...CMM...C.BAA...B..DD..............
3 3 0 ...CMM...C..AA.....DD..B.....B......
3 3 0 ...CMM...C..AA.....DD........B.....B
4 2 2 ...CMM...C.BAA...B.DD...............
3 3 0 ...CMM...C..AA....DD...B.....B......
3 3 0 ...CMM...C..AA....DD.........B.....B
4 2 2 ...CMM...C.BAA...BDD................
3 3 0 ...MMB.....BAA.......CDD...C........
4 2 2 ...MM......BAA...B...CDD...C........
3 3 0 ..MM.B.....BAA.......CDD...C........
4 2 2 ..MM.......BAA...B...CDD...C........
3 3 0 .MM..B.....BAA.......CDD...C........
4 2 2 .MM........BAA...B...CDD...C........
3 3 0 MM...B.....BAA.......CDD...C........
4 2 2 MM.........BAA...B...CDD...C........
4 2 2 ....MM.....B.AA..B...CDD...C........
4 2 2 ....MM.....B..AA.B...CDD...C........
4 2 2 ....MM.....B...AAB...CDD...C........
3 3 0 ...MMB.....BAA........DD...C.....C..
4 2 2 ...MM......BAA...B....DD...C.....C..
3 3 0 ..MM.B.....BAA........DD...C.....C..
4 2 2 ..MM.......BAA...B....DD...C.....C..
3 3 0 .MM..B.....BAA........DD...C.....C..
4 2 2 .MM........BAA...B....DD...C.....C..
3 3 0 MM...B.....BAA........DD...C.....C..
4 2 2 MM.........BAA...B....DD...C.....C..
4 2 2 ....MM.....B.AA..B....DD...C.....C..
4 2 2 ....MM.....B..AA.B....DD...C.....C..
4 2 2 ....MM.....B...AAB....DD...C.....C..
3 3 0 ....MM......AA.......DDB...C.B...C..
3 3 0 ....MM......AA.......DD....C.B...C.B
4 2 2 ....MM.....BAA...B...DD....C.....C..
3 3 0 ....MM......AA......DD.B...C.B...C..
3 3 0 ....MM......AA......DD.....C.B...C.B
4 2 2 ....MM.....BAA...B..DD.....C.....C..
3 3 0 ....MM......AA.....DD..B...C.B...C..
3 3 0 ....MM......AA.....DD......C.B...C.B
4 2 2 ....MM.....BAA...B.DD......C.....C..
3 3 0 ....MM......AA....DD...B...C.B...C..
3 3 0 ....MM......AA....DD.......C.B...C.B
4 2 2 ....MM.....BAA...BDD.......C.....C..
4 4 0 ...CMM...C...AA......DD......B.....B
4 4 0 ...CMM...C....AA.....DD......B.....B
4 4 0 ...CMM...C.....AA....DD......B.....B
4 4 0 ...CMM...C......AA...DD......B.....B