0 0 0 .OOO....MBP.AAMBP.....P.............
2 1 1 ..OOO...MBP.AAMBP.....P.............
2 1 1 .OOO.....BP.AAMBP...M.P.............
2 1 1 .OOO....M.P.AAMBP....BP.............
2 1 1 .OOOP...MBP.AAMBP...................
3 2 1 ...OOO..MBP.AAMBP.....P.............
3 2 1 ..OOO...MB..AAMBP.....P.....P.......
3 2 1 ..OOO....BP.AAMBP...M.P.............
3 2 1 .OOO.....B..AAMBP...M.P.....P.......
3 2 1 ..OOO...M.P.AAMBP....BP.............
3 2 1 .OOO......P.AAMBP...MBP.............
3 2 1 .OOO....M...AAMBP....BP.....P.......
3 2 1 OOO.P...MBP.AAMBP...................
4 3 1 ...OOO..MB..AAMBP.....P.....P.......
4 3 1 ...OOO...BP.AAMBP...M.P.............
4 3 1 ..OOO....B..AAMBP...M.P.....P.......
4 3 1 .OOOP....BP.AAMBP...M...............
4 3 1 ...OOO..M.P.AAMBP....BP.............
4 3 1 ..OOO.....P.AAMBP...MBP.............
4 3 1 ..OOO...M...AAMBP....BP.....P.......
4 3 1 .OOO........AAMBP...MBP.....P.......
4 3 1 .OOOP...M.P.AAMBP....B..............
4 3 1 OOO.....MBP.AAMBP.....P.............
5 4 1 .OOO....MB..AAMBP.....P.....P.......
5 4 1 ...OOO...B..AAMBP...M.P.....P.......
5 4 1 OOO.P....BP.AAMBP...M...............
5 4 1 ...OOO....P.AAMBP...MBP.............
5 4 1 ...OOO..M...AAMBP....BP.....P.......
5 4 1 ..OOO.......AAMBP...MBP.....P.......
5 4 1 OOO.P...M.P.AAMBP....B..............
5 4 1 .OOOP.....P.AAMBP...MB..............
6 5 1 OOO.....MB..AAMBP.....P.....P.......
6 5 1 OOO......BP.AAMBP...M.P.............
6 5 1 ...OOO......AAMBP...MBP.....P.......
6 5 1 OOO.....M.P.AAMBP....BP.............
6 5 1 OOO.P.....P.AAMBP...MB..............
7 6 1 OOO......B..AAMBP...M.P.....P.......
7 6 1 OOO.....M...AAMBP....BP.....P.......
7 6 1 OOO.......P.AAMBP...MBP.............
8 7 1 OOO.........AAMBP...MBP.....P.......
4 3 1 .OOO.....BP..AABP...M.P...M.........
4 2 2 .OOO.....BP.AA.BP...M.P...M.........
4 2 2 .OOO....M.P.AAM.P....BP....B........
5 3 2 ..OOO...MB..AAMB......P.....P.....P.
5 4 1 ..OOO....BP..AABP.....P...M.....M...
5 3 2 ..OOO....BP.AA.BP.....P...M.....M...
5 3 2 ..OOO...M.P.AAM.P.....P....B.....B..
5 4 1 .OOO......P..AABP....BP...M.....M...
5 3 2 .OOO......P.AA.BP....BP...M.....M...
5 3 2 .OOO......P.AAM.P...M.P....B.....B..
6 5 1 ..MOOO..MBP..AABP.....P.............
6 4 2 ..MOOO..MBP.AA.BP.....P.............
6 5 1 ..OOO....B...AABP...M.P...M.P.......
6 4 2 ..OOO....B..AA.BP...M.P...M.P.......
6 5 1 .OOOP....BP..AABP.........M.....M...
6 4 2 .OOOP....BP.AA.BP.........M.....M...
6 4 2 .OOO.....B..AAMB....M.P.....P.....P.
6 5 1 ..OOO.....P..AABP...MBP...M.........
6 4 2 ..OOO.....P.AA.BP...MBP...M.........
6 4 2 ..OOO.....P.AAM.P...MBP....B........
6 4 2 ..OOO...M...AAM.P....BP....BP.......
6 5 1 .OOO.........AABP...MBP...M.P.......
6 4 2 .OOO........AA.BP...MBP...M.P.......
6 4 2 .OOO........AAM.P...MBP....BP.......
6 4 2 .OOOP...M.P.AAM.P..........B.....B..
6 4 2 .OOO....M...AAMB.....BP.....P.....P.
7 6 1 ...OOO...B...AABP.....P...M.P...M...
7 5 2 ...OOO...B..AA.BP.....P...M.P...M...
7 6 1 OOO.P....BP..AABP...M.....M.........
7 5 2 OOO.P....BP.AA.BP...M.....M.........
7 5 2 ...OOO..M...AAM.P.....P....BP....B..
7 6 1 ..OOO........AABP....BP...M.P...M...
7 5 2 ..OOO.......AA.BP....BP...M.P...M...
7 5 2 ..OOO.......AAM.P...M.P....BP....B..
7 5 2 ..OOO.......AAMB....MBP.....P.....P.
7 5 2 OOOBP...MBP.AAM.P...................
8 7 1 ..MOOO..M....AABP....BP.....P.......
8 6 2 ..MOOO..M...AA.BP....BP.....P.......
8 7 1 OOO.P.....P..AABP....B....M.....M...
8 6 2 OOO.P.....P.AA.BP....B....M.....M...
8 6 2 OOO.P.....P.AAM.P...MB.....B........
9 7 2 OOOB.....BP.AAM.P...M.P.............
5 3 2 ...OOO..M.P.AAM.P....BP....B........
6 4 2 ...OOO..MB..AAMB......P.....P.....P.
6 5 1 OOO......BP..AABP.....P...M.....M...
6 4 2 OOO......BP.AA.BP.....P...M.....M...
6 4 2 OOO.....M.P.AAM.P.....P....B.....B..
6 5 1 ...OOO....P..AABP....BP...M.....M...
6 4 2 ...OOO....P.AA.BP....BP...M.....M...
6 4 2 ...OOO....P.AAM.P...M.P....B.....B..
7 6 1 ...OOO...BP..AABP...M.P...M.........
7 5 2 ...OOO...BP.AA.BP...M.P...M.........
7 5 2 OOO......B..AAMB....M.P.....P.....P.
7 6 1 OOO.......P..AABP...MBP...M.........
7 5 2 OOO.......P.AA.BP...MBP...M.........
7 5 2 OOO.....M...AAM.P....BP....BP.......
7 6 1 .OOO.....B...AABP...M.P...M.P.......
7 5 2 .OOO.....B..AA.BP...M.P...M.P.......
7 6 1 .OOOP.....P..AABP...MB....M.........
7 5 2 .OOOP.....P.AA.BP...MB....M.........
7 5 2 ...OOO......AAM.P...MBP....BP.......
7 5 2 .OOO......P.AAM.P...MBP....B........
7 5 2 .OOOP.....P.AAM.P...M......B.....B..
7 5 2 .OOOP...M.P.AAM.P....B.....B........
7 5 2 OOO.....M...AAMB.....BP.....P.....P.
8 6 2 .OOO....M...AAM.P.....P....BP....B..
8 7 1 .OOO.........AABP....BP...M.P...M...
8 6 2 .OOO........AA.BP....BP...M.P...M...
8 7 1 ..OOO........AABP...MBP...M.P.......
8 6 2 ..OOO.......AA.BP...MBP...M.P.......
8 7 1 ..OOO....B...AABP.....P...M.P...M...
8 6 2 ..OOO....B..AA.BP.....P...M.P...M...
8 6 2 OOO.........AAM.P...M.P....BP....B..
8 6 2 ...OOO......AAMB....MBP.....P.....P.
9 8 1 ..MOOO..MB...AABP.....P.....P.......
9 7 2 ..MOOO..MB..AA.BP.....P.....P.......
10 8 2 OOOBP....BP.AAM.P...M...............
6 4 2 ..OOO...M.P.AAM.P....BP....B........
7 5 2 .OOO....MB..AAMB......P.....P.....P.
7 6 1 .OOO.....BP..AABP.....P...M.....M...
7 5 2 .OOO.....BP.AA.BP.....P...M.....M...
7 6 1 OOO.P....BP..AABP.........M.....M...
7 5 2 OOO.P....BP.AA.BP.........M.....M...
7 5 2 OOOB....MBP.AAM.P.....P.............
7 5 2 OOO.P...M.P.AAM.P..........B.....B..
7 6 1 ..OOO.....P..AABP....BP...M.....M...
7 5 2 ..OOO.....P.AA.BP....BP...M.....M...
7 6 1 ..MOOO..M.P..AABP....BP.............
7 5 2 ..MOOO..M.P.AA.BP....BP.............
7 5 2 ..OOO.....P.AAM.P...M.P....B.....B..
7 5 2 ...OOO..M.P.AAM.P.....P....B.....B..
8 7 1 ..OOO....BP..AABP...M.P...M.........
8 6 2 ..OOO....BP.AA.BP...M.P...M.........
8 6 2 ..OOO....B..AAMB....M.P.....P.....P.
8 7 1 OOO......B...AABP...M.P...M.P.......
8 6 2 OOO......B..AA.BP...M.P...M.P.......
8 7 1 OOO.P.....P..AABP...MB....M.........
8 6 2 OOO.P.....P.AA.BP...MB....M.........
8 7 1 .OOOP....BP..AABP...M.....M.........
8 6 2 .OOOP....BP.AA.BP...M.....M.........
8 7 1 .OOO......P..AABP...MBP...M.........
8 6 2 .OOO......P.AA.BP...MBP...M.........
8 6 2 ..OOO.......AAM.P...MBP....BP.......
8 6 2 ...OOO..M...AAM.P....BP....BP.......
8 6 2 ...OOO....P.AAM.P...MBP....B........
8 6 2 .OOOP.....P.AAM.P...MB.....B........
8 6 2 ..OOO...M...AAMB.....BP.....P.....P.
9 7 2 ..OOO...M...AAM.P.....P....BP....B..
9 8 1 ...OOO.......AABP....BP...M.P...M...
9 7 2 ...OOO......AA.BP....BP...M.P...M...
9 8 1 .OOOP.....P..AABP....B....M.....M...
9 7 2 .OOOP.....P.AA.BP....B....M.....M...
9 7 2 .OOO........AAM.P...M.P....BP....B..
9 7 2 .OOO........AAMB....MBP.....P.....P.
11 9 2 OOOB.....B..AAM.P...M.P.....P.......
8 6 2 OOO.....MB..AAMB......P.....P.....P.
8 7 1 ...OOO...BP..AABP.....P...M.....M...
8 6 2 ...OOO...BP.AA.BP.....P...M.....M...
8 7 1 .OOO.....B...AABP.....P...M.P...M...
8 6 2 .OOO.....B..AA.BP.....P...M.P...M...
8 6 2 OOO.....M.P.AAM.P....BP....B........
8 6 2 OOO.P.....P.AAM.P...M......B.....B..
8 7 1 OOO.......P..AABP....BP...M.....M...
8 6 2 OOO.......P.AA.BP....BP...M.....M...
8 6 2 .OOO....M.P.AAM.P.....P....B.....B..
9 7 2 ...OOO...B..AAMB....M.P.....P.....P.
9 8 1 ...OOO...B...AABP...M.P...M.P.......
9 7 2 ...OOO...B..AA.BP...M.P...M.P.......
9 8 1 OOO......BP..AABP...M.P...M.........
9 7 2 OOO......BP.AA.BP...M.P...M.........
9 8 1 OOO..........AABP...MBP...M.P.......
9 7 2 OOO.........AA.BP...MBP...M.P.......
9 8 1 ...OOO....P..AABP...MBP...M.........
9 7 2 ...OOO....P.AA.BP...MBP...M.........
9 7 2 .OOO....M...AAM.P....BP....BP.......
9 7 2 ...OOO..M...AAMB.....BP.....P.....P.
10 8 2 OOO.....M...AAM.P.....P....BP....B..
10 8 2 ...OOO......AAM.P...M.P....BP....B..
10 8 2 OOO.........AAMB....MBP.....P.....P.
12 10 2 OOO.........AAM.P...MBP....BP.......
9 8 1 OOO......B...AABP.....P...M.P...M...
9 7 2 OOO......B..AA.BP.....P...M.P...M...
9 7 2 OOO.P...M.P.AAM.P....B.....B........
9 7 2 OOO.......P.AAM.P...M.P....B.....B..
10 9 1 ...OOO.......AABP...MBP...M.P.......
10 8 2 ...OOO......AA.BP...MBP...M.P.......
11 9 2 OOOB....MB..AAM.P.....P.....P.......
10 9 1 OOO..........AABP....BP...M.P...M...
10 8 2 OOO.........AA.BP....BP...M.P...M...
10 8 2 OOO.......P.AAM.P...MBP....B........
8 7 1 .OOO......P...AAP....BP...MB....M...
9 7 2 .OOO......P..AA.P....BP...MB....M...
10 9 1 ..OOO.....P...AAP....BP...MB....M...
10 8 2 ..OOO.....P..AA.P....BP...MB....M...
10 9 1 .OOO......P...AAP...MBP...MB........
10 8 2 .OOO......P..AA.P...MBP...MB........
10 9 1 .OOO......P...AAP.....P...MB....MB..
10 8 2 .OOO......P..AA.P.....P...MB....MB..
10 9 1 .OOOP.....P...AAP....B....MB....M...
10 8 2 .OOOP.....P..AA.P....B....MB....M...
11 10 1 ...OOO....P...AAP....BP...MB....M...
11 9 2 ...OOO....P..AA.P....BP...MB....M...
11 10 1 ..OOO.........AAP....BP...MBP...M...
11 9 2 ..OOO........AA.P....BP...MBP...M...
11 10 1 ..OOO.....P...AAP...MBP...MB........
11 9 2 ..OOO.....P..AA.P...MBP...MB........
11 10 1 .OOO..........AAP...MBP...MBP.......
11 9 2 .OOO.........AA.P...MBP...MBP.......
11 10 1 ..OOO.....P...AAP.....P...MB....MB..
11 9 2 ..OOO.....P..AA.P.....P...MB....MB..
11 10 1 .OOO......P...AAP...M.P...MB.....B..
11 9 2 .OOO......P..AA.P...M.P...MB.....B..
11 10 1 .OOO..........AAP.....P...MBP...MB..
11 9 2 .OOO.........AA.P.....P...MBP...MB..
11 10 1 OOO.P.....P...AAP....B....MB....M...
11 9 2 OOO.P.....P..AA.P....B....MB....M...
12 11 1 ...OOO........AAP....BP...MBP...M...
12 10 2 ...OOO.......AA.P....BP...MBP...M...
12 11 1 ...OOO....P...AAP...MBP...MB........
12 10 2 ...OOO....P..AA.P...MBP...MB........
12 11 1 ..OOO.........AAP...MBP...MBP.......
12 10 2 ..OOO........AA.P...MBP...MBP.......
12 11 1 .OOOP.....P...AAP...MB....MB........
12 10 2 .OOOP.....P..AA.P...MB....MB........
12 11 1 ...OOO....P...AAP.....P...MB....MB..
12 10 2 ...OOO....P..AA.P.....P...MB....MB..
12 11 1 ..OOO.....P...AAP...M.P...MB.....B..
12 10 2 ..OOO.....P..AA.P...M.P...MB.....B..
12 11 1 ..OOO.........AAP.....P...MBP...MB..
12 10 2 ..OOO........AA.P.....P...MBP...MB..
12 11 1 .OOO..........AAP...M.P...MBP....B..
12 10 2 .OOO.........AA.P...M.P...MBP....B..
12 11 1 .OOOP.....P...AAP.........MB....MB..
12 10 2 .OOOP.....P..AA.P.........MB....MB..
12 11 1 OOOBP....BP...AAP.........M.....M...
12 10 2 OOOBP....BP..AA.P.........M.....M...
12 11 1 OOO.......P...AAP....BP...MB....M...
12 10 2 OOO.......P..AA.P....BP...MB....M...
13 12 1 .OOO..........AAP....BP...MBP...M...
13 11 2 .OOO.........AA.P....BP...MBP...M...
13 12 1 ...OOO........AAP...MBP...MBP.......
13 11 2 ...OOO.......AA.P...MBP...MBP.......
13 12 1 OOO.P.....P...AAP...MB....MB........
13 11 2 OOO.P.....P..AA.P...MB....MB........
13 12 1 ...OOO....P...AAP...M.P...MB.....B..
13 11 2 ...OOO....P..AA.P...M.P...MB.....B..
13 12 1 ...OOO........AAP.....P...MBP...MB..
13 11 2 ...OOO.......AA.P.....P...MBP...MB..
13 12 1 ..OOO.........AAP...M.P...MBP....B..
13 11 2 ..OOO........AA.P...M.P...MBP....B..
13 12 1 .OOOP.....P...AAP...M.....MB.....B..
13 11 2 .OOOP.....P..AA.P...M.....MB.....B..
13 12 1 OOO.P.....P...AAP.........MB....MB..
13 11 2 OOO.P.....P..AA.P.........MB....MB..
13 12 1 OOOB.....B....AAP.....P...M.P...M...
13 11 2 OOOB.....B...AA.P.....P...M.P...M...
14 13 1 OOOBP....BP...AAP...M.....M.........
14 12 2 OOOBP....BP..AA.P...M.....M.........
14 13 1 OOO.......P...AAP...MBP...MB........
14 12 2 OOO.......P..AA.P...MBP...MB........
14 13 1 ...OOO........AAP...M.P...MBP....B..
14 12 2 ...OOO.......AA.P...M.P...MBP....B..
14 13 1 OOO.......P...AAP.....P...MB....MB..
14 12 2 OOO.......P..AA.P.....P...MB....MB..
14 13 1 OOO...........AAP....BP...MBP...M...
14 12 2 OOO..........AA.P....BP...MBP...M...
15 14 1 OOO.P.....P...AAP...M.....MB.....B..
15 13 2 OOO.P.....P..AA.P...M.....MB.....B..
15 14 1 OOOB.....B....AAP...M.P...M.P.......
15 13 2 OOOB.....B...AA.P...M.P...M.P.......
15 14 1 OOOB.....BP...AAP.....P...M.....M...
15 13 2 OOOB.....BP..AA.P.....P...M.....M...
15 14 1 OOO...........AAP.....P...MBP...MB..
15 13 2 OOO..........AA.P.....P...MBP...MB..
16 15 1 OOO.......P...AAP...M.P...MB.....B..
16 14 2 OOO.......P..AA.P...M.P...MB.....B..
16 15 1 OOO...........AAP...MBP...MBP.......
16 14 2 OOO..........AA.P...MBP...MBP.......
17 16 1 OOOB.....BP...AAP...M.P...M.........
17 15 2 OOOB.....BP..AA.P...M.P...M.........
17 16 1 OOO...........AAP...M.P...MBP....B..
17 15 2 OOO..........AA.P...M.P...MBP....B..
8 7 1 ..MOOO..M.P...AAP.....P....B.....B..
9 7 2 ..MOOO..M.P..AA.P.....P....B.....B..
10 9 1 ..MOOO..M.P...AAP....BP....B........
10 8 2 ..MOOO..M.P..AA.P....BP....B........
10 9 1 ..MOOO..M.....AAP.....P....BP....B..
10 8 2 ..MOOO..M....AA.P.....P....BP....B..
11 10 1 ..MOOO..M.....AAP....BP....BP.......
11 9 2 ..MOOO..M....AA.P....BP....BP.......
10 8 2 ..OOO....B...AAB....M.P...M.P.....P.
10 7 3 ..OOO....B..AA.B....M.P...M.P.....P.
10 7 3 ..OOO.......AAM.....M.P....BP....BP.
10 8 2 ..OOO........AAB.....BP...M.P...M.P.
10 7 3 ..OOO.......AA.B.....BP...M.P...M.P.
10 7 3 ..OOO...M...AAM......BP....BP.....P.
11 9 2 .OOO.........AAB....MBP...M.P.....P.
11 8 3 .OOO........AA.B....MBP...M.P.....P.
11 8 3 .OOO........AAM.....MBP....BP.....P.
10 8 2 .OOO.....B...AAB......P...M.P...M.P.
10 7 3 .OOO.....B..AA.B......P...M.P...M.P.
10 7 3 .OOO....M...AAM.......P....BP....BP.
11 9 2 ..MOOO..MB...AAB......P.....P.....P.
11 8 3 ..MOOO..MB..AA.B......P.....P.....P.
12 9 3 OOOB.....B..AAM.....M.P.....P.....P.
11 8 3 .OOO......P.AA..P....BP...MB....M...
11 11 0 ..OOO...........AA...BP...MBP...M.P.
12 11 1 ..OOO..........AA....BP...MBP...M.P.
13 13 0 ...OOO..........AA...BP...MBP...M.P.
13 12 1 ...OOO.........AA....BP...MBP...M.P.
13 13 0 ..OOO...........AA..MBP...MBP.....P.
13 12 1 ..OOO..........AA...MBP...MBP.....P.
13 13 0 ..OOO...........AA....P...MBP...MBP.
13 12 1 ..OOO..........AA.....P...MBP...MBP.
14 14 0 .OOO............AA...BP...MBP...M.P.
14 13 1 .OOO...........AA....BP...MBP...M.P.
14 14 0 ...OOO........M.AA..MBP....BP.....P.
14 13 1 ...OOO........MAA...MBP....BP.....P.
14 14 0 OOO.............AA..MBP...MBP.....P.
14 13 1 OOO............AA...MBP...MBP.....P.
14 14 0 ..OOO...M.....M.AA...BP....BP.....P.
14 13 1 ..OOO...M.....MAA....BP....BP.....P.
14 14 0 ...OOO..........AA....P...MBP...MBP.
14 13 1 ...OOO.........AA.....P...MBP...MBP.
14 14 0 ..OOO...........AA..M.P...MBP....BP.
14 13 1 ..OOO..........AA...M.P...MBP....BP.
15 15 0 .OOO..........M.AA..MBP....BP.....P.
15 14 1 .OOO..........MAA...MBP....BP.....P.
15 15 0 ..MOOO..M.......AA...BP....BP.....P.
15 14 1 ..MOOO..M......AA....BP....BP.....P.
15 15 0 OOO.............AA...BP...MBP...M.P.
15 14 1 OOO............AA....BP...MBP...M.P.
15 15 0 .OOO............AA....P...MBP...MBP.
15 14 1 .OOO...........AA.....P...MBP...MBP.
15 15 0 ...OOO........M.AA..M.P....BP....BP.
15 14 1 ...OOO........MAA...M.P....BP....BP.
15 15 0 OOO.............AA..M.P...MBP....BP.
15 14 1 OOO............AA...M.P...MBP....BP.
15 15 0 ..OOO...M.....M.AA....P....BP....BP.
15 14 1 ..OOO...M.....MAA.....P....BP....BP.
16 16 0 ..OOO.........M.AA..MBP....BP.....P.
16 15 1 ..OOO.........MAA...MBP....BP.....P.
16 16 0 .OOO....M.....M.AA...BP....BP.....P.
16 15 1 .OOO....M.....MAA....BP....BP.....P.
16 16 0 ...OOO..........AA..MBP...MBP.....P.
16 15 1 ...OOO.........AA...MBP...MBP.....P.
16 16 0 .OOO..........M.AA..M.P....BP....BP.
16 15 1 .OOO..........MAA...M.P....BP....BP.
16 16 0 ..MOOO..M.......AA....P....BP....BP.
16 15 1 ..MOOO..M......AA.....P....BP....BP.
16 16 0 OOO.............AA....P...MBP...MBP.
16 15 1 OOO............AA.....P...MBP...MBP.
17 17 0 OOO...........M.AA..MBP....BP.....P.
17 16 1 OOO...........MAA...MBP....BP.....P.
17 17 0 .OOO............AA..MBP...MBP.....P.
17 16 1 .OOO...........AA...MBP...MBP.....P.
17 17 0 ...OOO..M.....M.AA...BP....BP.....P.
17 16 1 ...OOO..M.....MAA....BP....BP.....P.
17 17 0 ..OOO.........M.AA..M.P....BP....BP.
17 16 1 ..OOO.........MAA...M.P....BP....BP.
17 17 0 .OOO....M.....M.AA....P....BP....BP.
17 16 1 .OOO....M.....MAA.....P....BP....BP.
17 17 0 ...OOO..........AA..M.P...MBP....BP.
17 16 1 ...OOO.........AA...M.P...MBP....BP.
18 18 0 OOO.....M.....M.AA...BP....BP.....P.
18 17 1 OOO.....M.....MAA....BP....BP.....P.
18 18 0 OOO...........M.AA..M.P....BP....BP.
18 17 1 OOO...........MAA...M.P....BP....BP.
18 18 0 .OOO............AA..M.P...MBP....BP.
18 17 1 .OOO...........AA...M.P...MBP....BP.
18 18 0 ...OOO..M.....M.AA....P....BP....BP.
18 17 1 ...OOO..M.....MAA.....P....BP....BP.
19 19 0 OOO.....M.....M.AA....P....BP....BP.
19 18 1 OOO.....M.....MAA.....P....BP....BP.
13 11 2 ..OOO....B...AAB......P...M.P...M.P.
14 12 2 ..OOO.........AA.....BP...MBP...M.P.
16 14 2 OOO...........AA....MBP...MBP.....P.
16 14 2 ...OOO........AA......P...MBP...MBP.
16 14 2 ..OOO.........AA....M.P...MBP....BP.
17 15 2 ..MOOO..M.....AA.....BP....BP.....P.
14 12 2 ...OOO...B...AAB......P...M.P...M.P.
15 13 2 .OOO..........AA.....BP...MBP...M.P.
17 15 2 ...OOO........AA....MBP...MBP.....P.
17 15 2 OOO...........AA......P...MBP...MBP.
17 15 2 .OOO..........AA....M.P...MBP....BP.
18 16 2 ..MOOO..M.....AA......P....BP....BP.
15 13 2 OOO......B...AAB......P...M.P...M.P.
15 13 2 ...OOO...B...AAB....M.P...M.P.....P.
15 13 2 ...OOO.......AAB.....BP...M.P...M.P.
18 16 2 ..OOO.........AA....MBP...MBP.....P.
18 16 2 ...OOO........AA.....BP...MBP...M.P.
18 16 2 ..OOO.........AA......P...MBP...MBP.
18 16 2 ...OOO........AA....M.P...MBP....BP.
16 14 2 .OOO.....B...AAB....M.P...M.P.....P.
16 14 2 .OOO.........AAB.....BP...M.P...M.P.
16 14 2 ...OOO.......AAB....MBP...M.P.....P.
19 17 2 .OOO..........AA....MBP...MBP.....P.
19 17 2 OOO...........AA.....BP...MBP...M.P.
19 17 2 .OOO..........AA......P...MBP...MBP.
19 17 2 OOO...........AA....M.P...MBP....BP.
17 15 2 OOO......B...AAB....M.P...M.P.....P.
17 15 2 OOO..........AAB.....BP...M.P...M.P.
17 15 2 ..OOO........AAB....MBP...M.P.....P.
18 16 2 OOO..........AAB....MBP...M.P.....P.
13 10 3 ..OOO.......AA..P....BP...MBP...M...
13 10 3 ..OOO.....P.AA..P...MBP...MB........
13 10 3 .OOO........AA..P...MBP...MBP.......
13 10 3 ..OOO.....P.AA..P.....P...MB....MB..
13 10 3 .OOO......P.AA..P...M.P...MB.....B..
13 10 3 .OOO........AA..P.....P...MBP...MB..
13 10 3 OOO.P.....P.AA..P....B....MB....M...
15 12 3 ..OOO.......AA..P...M.P...MBP....B..
15 12 3 OOOB.....B..AA..P.....P...M.P...M...
16 13 3 OOOBP....BP.AA..P...M.....M.........
11 8 3 ..MOOO..M.P.AA..P.....P....B.....B..
13 10 3 ..MOOO..M...AA..P....BP....BP.......
11 8 3 ...OOO......AAM.....M.P....BP....BP.
11 8 3 ...OOO..M...AAM......BP....BP.....P.
12 9 3 ..OOO.......AAM.....MBP....BP.....P.
11 8 3 ..OOO...M...AAM.......P....BP....BP.
12 10 2 ..MOOO..M....AAB.....BP.....P.....P.
12 9 3 ..MOOO..M...AA.B.....BP.....P.....P.
13 10 3 OOOB....MB..AAM.......P.....P.....P.
12 9 3 ...OOO....P.AA..P....BP...MB....M...
15 12 3 ..OOO....B..AA.B......P...M.P...M.P.
16 13 3 ..OOO........AA......BP...MBP...M.P.
19 16 3 ..MOOO..M....AA......BP....BP.....P.
17 14 3 ...OOO...B..AA.B....M.P...M.P.....P.
17 14 3 ...OOO.......AA.......P...MBP...MBP.
18 15 3 .OOO.........AA.....M.P...MBP....BP.
18 15 3 .OOO........AA.B.....BP...M.P...M.P.
18 15 3 ...OOO.......AA.....MBP...MBP.....P.
17 17 0 OOOB.....B......AA....P...M.P...M.P.
18 17 1 OOOB.....B.....AA.....P...M.P...M.P.
19 19 0 OOOB.....B......AA..M.P...M.P.....P.
19 18 1 OOOB.....B.....AA...M.P...M.P.....P.
20 20 0 OOOB.....B....M.AA..M.P.....P.....P.
20 19 1 OOOB.....B....MAA...M.P.....P.....P.
21 21 0 OOOB....MB....M.AA....P.....P.....P.
21 20 1 OOOB....MB....MAA.....P.....P.....P.
20 18 2 OOOB.....B....AA......P...M.P...M.P.
21 19 2 OOOB.....B....AA....M.P...M.P.....P.
19 16 3 ..OOO.......AA.B....MBP...M.P.....P.
14 11 3 OOO.......P.AA..P...MBP...MB........
14 11 3 .OOOP.....P.AA..P...MB....MB........
14 11 3 OOO.......P.AA..P.....P...MB....MB..
14 11 3 ...OOO......AA..P.....P...MBP...MB..
14 11 3 .OOO........AA..P....BP...MBP...M...
14 11 3 .OOOP.....P.AA..P.........MB....MB..
16 13 3 .OOO........AA..P...M.P...MBP....B..
16 13 3 ..OOO.......AA..P...MBP...MBP.......
16 13 3 ..OOO.....P.AA..P...M.P...MB.....B..
17 14 3 OOOBP....BP.AA..P.........M.....M...
17 14 3 OOO.P.....P.AA..P...M.....MB.....B..
17 14 3 OOOB.....B..AA..P...M.P...M.P.......
12 9 3 .OOO........AAM.....M.P....BP....BP.
12 9 3 .OOO....M...AAM......BP....BP.....P.
13 10 3 ...OOO......AAM.....MBP....BP.....P.
12 9 3 ...OOO..M...AAM.......P....BP....BP.
13 10 3 ..OOO.....P.AA..P....BP...MB....M...
13 10 3 ..MOOO..M.P.AA..P....BP....B........
16 13 3 OOO......B..AA.B......P...M.P...M.P.
17 14 3 .OOO.........AA......BP...MBP...M.P.
20 17 3 ..MOOO..M....AA.......P....BP....BP.
18 15 3 .OOO.....B..AA.B....M.P...M.P.....P.
18 15 3 ..OOO........AA.......P...MBP...MBP.
19 16 3 OOO..........AA.....M.P...MBP....BP.
19 16 3 ...OOO......AA.B.....BP...M.P...M.P.
19 16 3 ..OOO........AA.....MBP...MBP.....P.
22 19 3 OOOB.....B...AA.......P...M.P...M.P.
20 17 3 OOO.........AA.B....MBP...M.P.....P.
15 12 3 .OOO......P.AA..P...MBP...MB........
15 12 3 ..OOO.......AA..P.....P...MBP...MB..
15 12 3 ..MOOO..M...AA..P.....P....BP....B..
15 12 3 ...OOO....P.AA..P.....P...MB....MB..
15 12 3 ...OOO......AA..P....BP...MBP...M...
15 12 3 .OOOP.....P.AA..P....B....MB....M...
18 15 3 OOOB.....BP.AA..P.....P...M.....M...
18 15 3 .OOOP.....P.AA..P...M.....MB.....B..
18 15 3 OOO.P.....P.AA..P.........MB....MB..
18 15 3 OOO.P.....P.AA..P...MB....MB........
18 15 3 OOO.......P.AA..P...M.P...MB.....B..
13 10 3 OOO.........AAM.....M.P....BP....BP.
13 10 3 OOO.....M...AAM......BP....BP.....P.
18 15 3 ...OOO.......AA......BP...MBP...M.P.
19 16 3 .OOO.........AA.......P...MBP...MBP.
20 17 3 ...OOO.......AA.....M.P...MBP....BP.
20 17 3 ...OOO...B..AA.B......P...M.P...M.P.
20 17 3 .OOO.........AA.....MBP...MBP.....P.
23 20 3 OOOB.....B...AA.....M.P...M.P.....P.
21 18 3 ...OOO......AA.B....MBP...M.P.....P.
21 18 3 OOO.........AA.B.....BP...M.P...M.P.
21 18 3 OOO......B..AA.B....M.P...M.P.....P.
16 13 3 ...OOO....P.AA..P...MBP...MB........
16 13 3 ...OOO......AA..P...M.P...MBP....B..
16 13 3 .OOO......P.AA..P.....P...MB....MB..
16 13 3 OOO.........AA..P....BP...MBP...M...
19 16 3 OOOB.....BP.AA..P...M.P...M.........
14 11 3 OOO.........AAM.....MBP....BP.....P.
14 11 3 OOO.....M...AAM.......P....BP....BP.
19 16 3 OOO..........AA......BP...MBP...M.P.
21 18 3 ..OOO........AA.....M.P...MBP....BP.
17 14 3 OOO.........AA..P...M.P...MBP....B..
17 14 3 ...OOO......AA..P...MBP...MBP.......
17 14 3 ...OOO....P.AA..P...M.P...MB.....B..
17 14 3 OOO.......P.AA..P....BP...MB....M...
20 17 3 OOO..........AA.....MBP...MBP.....P.
20 17 3 OOO..........AA.......P...MBP...MBP.
18 15 3 OOO.........AA..P.....P...MBP...MB..
18 15 3 OOO.........AA..P...MBP...MBP.......
15 11 4 ..OOO.......AA.......BP...MBP...M.P.
15 11 4 ..MOOO..M...AA.......BP....BP.....P.
20 16 4 .OOO........AA......M.P...MBP....BP.
22 18 4 ...OOO......AA........P...MBP...MBP.
23 19 4 OOOB.....B..AA........P...M.P...M.P.
20 16 4 OOO.........AA......MBP...MBP.....P.
16 12 4 .OOO........AA.......BP...MBP...M.P.
21 17 4 ..OOO.......AA......M.P...MBP....BP.
23 19 4 ..MOOO..M...AA........P....BP....BP.
24 20 4 OOO.........AA........P...MBP...MBP.
21 17 4 ...OOO......AA......MBP...MBP.....P.
21 17 4 OOOB.....B..AA......M.P...M.P.....P.
25 21 4 .OOO........AA........P...MBP...MBP.
25 21 4 OOO.........AA.......BP...MBP...M.P.
22 18 4 ..OOO.......AA......MBP...MBP.....P.
22 18 4 ...OOO......AA......M.P...MBP....BP.
26 22 4 ..OOO.......AA........P...MBP...MBP.
26 22 4 ...OOO......AA.......BP...MBP...M.P.
23 19 4 .OOO........AA......MBP...MBP.....P.
23 19 4 OOO.........AA......M.P...MBP....BP.
