0 0 0 ....MM.....BAA.C.B...CDD............
2 1 1 ....MM.....B.AAC.B...CDD............
3 2 1 ...MM......B.AAC.B...CDD............
3 2 1 ....MM...C.B.AAC.B....DD............
4 3 1 ..MM.......B.AAC.B...CDD............
4 3 1 ...MM....C.B.AAC.B....DD............
4 3 1 ....MM...C.B.AAC.B...DD.............
5 4 1 .MM........B.AAC.B...CDD............
5 4 1 ..MM.....C.B.AAC.B....DD............
5 4 1 ...MM....C.B.AAC.B..DD..............
5 4 1 .MM......C.B.AAC.B...DD.............
5 4 1 ....MM...C...AAC.B...DDB............
5 4 1 ....MM...C.B.AAC.B.DD...............
6 5 1 MM.........B.AAC.B...CDD............
6 5 1 ..MM.....C.B.AAC.BDD................
6 5 1 MM.......C.B.AAC.B..DD..............
6 5 1 ...MM....C...AAC.B..DD.B............
6 5 1 ...MM....C.B.AAC.B...DD.............
6 5 1 .MM......C.B.AAC.B....DD............
6 5 1 ..MM.....C...AAC.B...DDB............
6 5 1 ....MM...C...AAC.BDD...B............
6 5 1 ....MM.....B.AAC.B.DDC..............
7 6 1 ..MM.......B.AAC.BDD.C..............
7 6 1 ..MM.....C.B.AAC.B.DD...............
7 6 1 ....MM...C.B.AAC.B..DD..............
7 6 1 MM.......C.B.AAC.BDD................
7 6 1 .MM......C...AAC.B..DD.B............
7 6 1 ...MM....C...AAC.B.DD..B............
7 6 1 MM.......C...AAC.B...DDB............
7 6 1 ..MM.....C...AAC.BDD...B............
7 6 1 ....MM.......AAC.BDD.C.B............
7 6 1 ...MM......B.AAC.B.DDC..............
8 7 1 .MM........B.AAC.BDD.C..............
8 7 1 .MM......C.B.AAC.B.DD...............
8 7 1 ..MM.....C.B.AAC.B...DD.............
8 7 1 ...MM....C.B.AAC.BDD................
8 7 1 MM.......C.B.AAC.B....DD............
8 7 1 ....MM...C...AAC.B..DD.B............
8 7 1 .MM......C...AAC.B...DDB............
8 7 1 MM.......C...AAC.B.DD..B............
8 7 1 ...MM........AAC.BDD.C.B............
8 7 1 ....MM.......AAC.B.DDC.B............
8 7 1 ..MM.......B.AAC.B.DDC..............
9 8 1 ....MM.....B.AAC.BDD.C..............
9 8 1 .MM......C.B.AAC.B..DD..............
9 8 1 ...MM....C.B.AAC.B.DD...............
9 8 1 MM.......C.B.AAC.B...DD.............
9 8 1 ..MM.....C...AAC.B..DD.B............
9 8 1 ...MM....C...AAC.B...DDB............
9 8 1 .MM......C...AAC.BDD...B............
9 8 1 ..MM.........AAC.BDD.C.B............
9 8 1 ...MM........AAC.B.DDC.B............
9 8 1 ....MM...C...AAC.B.DD..B............
9 8 1 .MM........B.AAC.B.DDC..............
10 9 1 ...MM......B.AAC.BDD.C..............
10 9 1 ....MM...C.B.AAC.BDD................
10 9 1 MM.......C.B.AAC.B.DD...............
10 9 1 MM.......C...AAC.B..DD.B............
10 9 1 ..MM.....C.B.AAC.B..DD..............
10 9 1 ...MM....C...AAC.BDD...B............
10 9 1 .MM..........AAC.BDD.C.B............
10 9 1 ..MM.........AAC.B.DDC.B............
10 9 1 .MM......C...AAC.B.DD..B............
11 10 1 MM.........B.AAC.BDD.C..............
11 10 1 .MM......C.B.AAC.BDD................
11 10 1 MM.......C...AAC.BDD...B............
11 10 1 MM...........AAC.B.DDC.B............
11 10 1 ..MM.....C...AAC.B.DD..B............
12 11 1 .MM..........AAC.B.DDC.B............
12 11 1 MM.........B.AAC.B.DDC..............
12 11 1 MM...........AAC.BDD.C.B............
5 3 2 ...MMB.....B.AAC.....CDD............
5 3 2 ...MM......BAA.C.B...CDD............
5 3 2 ....MM...C.BAA.C.B....DD............
4 4 0 ...CMM...C.B...AAB....DD............
5 4 1 ...CMM...C.B..AA.B....DD............
6 6 0 ...CMM...C.B...AAB...DD.............
6 5 1 ...CMM...C.B..AA.B...DD.............
7 7 0 ...CMM...C.....AAB...DDB............
7 6 1 ...CMM...C....AA.B...DDB............
7 7 0 ...CMM...C.B...AAB..DD..............
7 6 1 ...CMM...C.B..AA.B..DD..............
8 8 0 ...CMM...C.....AAB.DD..B............
8 7 1 ...CMM...C....AA.B.DD..B............
8 8 0 ...CMM...C.B...AABDD................
8 7 1 ...CMM...C.B..AA.BDD................
9 9 0 ...CMM...C.....AAB..DD.B............
9 8 1 ...CMM...C....AA.B..DD.B............
9 9 0 ...CMM...C.B...AAB.DD...............
9 8 1 ...CMM...C.B..AA.B.DD...............
10 10 0 ...CMM...C.....AABDD...B............
10 9 1 ...CMM...C....AA.BDD...B............
5 5 0 ...MM......B...AAB...CDD...C........
6 5 1 ...MM......B..AA.B...CDD...C........
7 7 0 ....MM.....B...AAB...CDD...C........
7 6 1 ....MM.....B..AA.B...CDD...C........
7 7 0 ...MM......B...AAB....DD...C.....C..
7 6 1 ...MM......B..AA.B....DD...C.....C..
8 8 0 ..MM.......B...AAB...CDD...C........
8 7 1 ..MM.......B..AA.B...CDD...C........
8 8 0 ....MM.....B...AAB....DD...C.....C..
8 7 1 ....MM.....B..AA.B....DD...C.....C..
8 8 0 ...MM......B...AAB...DD....C.....C..
8 7 1 ...MM......B..AA.B...DD....C.....C..
9 9 0 .MM........B...AAB...CDD...C........
9 8 1 .MM........B..AA.B...CDD...C........
9 9 0 ..MM.......B...AAB....DD...C.....C..
9 8 1 ..MM.......B..AA.B....DD...C.....C..
9 9 0 ....MM.....B...AAB..DD.....C.....C..
9 8 1 ....MM.....B..AA.B..DD.....C.....C..
9 9 0 .MM........B...AAB...DD....C.....C..
9 8 1 .MM........B..AA.B...DD....C.....C..
9 9 0 ...MM..........AAB...DDB...C.....C..
9 8 1 ...MM.........AA.B...DDB...C.....C..
9 9 0 ...MM......B...AAB.DD......C.....C..
9 8 1 ...MM......B..AA.B.DD......C.....C..
10 10 0 MM.........B...AAB...CDD...C........
10 9 1 MM.........B..AA.B...CDD...C........
10 10 0 ..MM.......B...AABDD.......C.....C..
10 9 1 ..MM.......B..AA.BDD.......C.....C..
10 10 0 MM.........B...AAB..DD.....C.....C..
10 9 1 MM.........B..AA.B..DD.....C.....C..
10 10 0 ....MM.........AAB..DD.B...C.....C..
10 9 1 ....MM........AA.B..DD.B...C.....C..
10 10 0 ....MM.....B...AAB...DD....C.....C..
10 9 1 ....MM.....B..AA.B...DD....C.....C..
10 10 0 .MM........B...AAB....DD...C.....C..
10 9 1 .MM........B..AA.B....DD...C.....C..
10 10 0 ..MM...........AAB...DDB...C.....C..
10 9 1 ..MM..........AA.B...DDB...C.....C..
10 10 0 ...MM..........AABDD...B...C.....C..
10 9 1 ...MM.........AA.BDD...B...C.....C..
10 10 0 ...MM......B...AAB.DDC.....C........
10 9 1 ...MM......B..AA.B.DDC.....C........
11 11 0 ..MM.......B...AABDD.C.....C........
11 10 1 ..MM.......B..AA.BDD.C.....C........
11 11 0 ..MM.......B...AAB.DD......C.....C..
11 10 1 ..MM.......B..AA.B.DD......C.....C..
11 11 0 ...MM......B...AAB..DD.....C.....C..
11 10 1 ...MM......B..AA.B..DD.....C.....C..
11 11 0 MM.........B...AABDD.......C.....C..
11 10 1 MM.........B..AA.BDD.......C.....C..
11 11 0 .MM............AAB..DD.B...C.....C..
11 10 1 .MM...........AA.B..DD.B...C.....C..
11 11 0 ....MM.........AAB.DD..B...C.....C..
11 10 1 ....MM........AA.B.DD..B...C.....C..
11 11 0 MM.............AAB...DDB...C.....C..
11 10 1 MM............AA.B...DDB...C.....C..
11 11 0 ..MM...........AABDD...B...C.....C..
11 10 1 ..MM..........AA.BDD...B...C.....C..
11 11 0 ...MM..........AABDD.C.B...C........
11 10 1 ...MM.........AA.BDD.C.B...C........
11 11 0 ....MM.....B...AAB.DDC.....C........
11 10 1 ....MM.....B..AA.B.DDC.....C........
12 12 0 .MM........B...AABDD.C.....C........
12 11 1 .MM........B..AA.BDD.C.....C........
12 12 0 .MM........B...AAB.DD......C.....C..
12 11 1 .MM........B..AA.B.DD......C.....C..
12 12 0 ..MM.......B...AAB...DD....C.....C..
12 11 1 ..MM.......B..AA.B...DD....C.....C..
12 12 0 ...MM......B...AABDD.......C.....C..
12 11 1 ...MM......B..AA.BDD.......C.....C..
12 12 0 MM.........B...AAB....DD...C.....C..
12 11 1 MM.........B..AA.B....DD...C.....C..
12 12 0 ...MM..........AAB..DD.B...C.....C..
12 11 1 ...MM.........AA.B..DD.B...C.....C..
12 12 0 .MM............AAB...DDB...C.....C..
12 11 1 .MM...........AA.B...DDB...C.....C..
12 12 0 MM.............AAB.DD..B...C.....C..
12 11 1 MM............AA.B.DD..B...C.....C..
12 12 0 ....MM.........AABDD...B...C.....C..
12 11 1 ....MM........AA.BDD...B...C.....C..
12 12 0 ..MM...........AABDD.C.B...C........
12 11 1 ..MM..........AA.BDD.C.B...C........
12 12 0 ...MM..........AAB.DDC.B...C........
12 11 1 ...MM.........AA.B.DDC.B...C........
12 12 0 ..MM.......B...AAB.DDC.....C........
12 11 1 ..MM.......B..AA.B.DDC.....C........
13 13 0 ....MM.....B...AABDD.C.....C........
13 12 1 ....MM.....B..AA.BDD.C.....C........
13 13 0 ....MM.....B...AAB.DD......C.....C..
13 12 1 ....MM.....B..AA.B.DD......C.....C..
13 13 0 .MM........B...AAB..DD.....C.....C..
13 12 1 .MM........B..AA.B..DD.....C.....C..
13 13 0 MM.........B...AAB...DD....C.....C..
13 12 1 MM.........B..AA.B...DD....C.....C..
13 13 0 ..MM...........AAB..DD.B...C.....C..
13 12 1 ..MM..........AA.B..DD.B...C.....C..
13 13 0 .MM............AAB.DD..B...C.....C..
13 12 1 .MM...........AA.B.DD..B...C.....C..
13 13 0 MM.............AABDD...B...C.....C..
13 12 1 MM............AA.BDD...B...C.....C..
13 13 0 ....MM.........AAB...DDB...C.....C..
13 12 1 ....MM........AA.B...DDB...C.....C..
13 13 0 .MM............AABDD.C.B...C........
13 12 1 .MM...........AA.BDD.C.B...C........
13 13 0 ....MM.........AAB.DDC.B...C........
13 12 1 ....MM........AA.B.DDC.B...C........
13 13 0 .MM........B...AAB.DDC.....C........
13 12 1 .MM........B..AA.B.DDC.....C........
14 14 0 ...MM......B...AABDD.C.....C........
14 13 1 ...MM......B..AA.BDD.C.....C........
14 14 0 ....MM.....B...AABDD.......C.....C..
14 13 1 ....MM.....B..AA.BDD.......C.....C..
14 14 0 MM.........B...AAB.DD......C.....C..
14 13 1 MM.........B..AA.B.DD......C.....C..
14 14 0 ..MM.......B...AAB..DD.....C.....C..
14 13 1 ..MM.......B..AA.B..DD.....C.....C..
14 14 0 ..MM...........AAB.DD..B...C.....C..
14 13 1 ..MM..........AA.B.DD..B...C.....C..
14 14 0 MM.............AAB..DD.B...C.....C..
14 13 1 MM............AA.B..DD.B...C.....C..
14 14 0 MM.............AABDD.C.B...C........
14 13 1 MM............AA.BDD.C.B...C........
14 14 0 .MM............AABDD...B...C.....C..
14 13 1 .MM...........AA.BDD...B...C.....C..
14 14 0 .MM............AAB.DDC.B...C........
14 13 1 .MM...........AA.B.DDC.B...C........
15 15 0 MM.........B...AAB.DDC.....C........
15 14 1 MM.........B..AA.B.DDC.....C........
15 15 0 ...MM..........AAB.DD..B...C.....C..
15 14 1 ...MM.........AA.B.DD..B...C.....C..
15 15 0 ....MM.........AABDD.C.B...C........
15 14 1 ....MM........AA.BDD.C.B...C........
15 15 0 .MM........B...AABDD.......C.....C..
15 14 1 .MM........B..AA.BDD.......C.....C..
15 15 0 ..MM...........AAB.DDC.B...C........
15 14 1 ..MM..........AA.B.DDC.B...C........
16 16 0 MM.........B...AABDD.C.....C........
16 15 1 MM.........B..AA.BDD.C.....C........
16 16 0 MM.............AAB.DDC.B...C........
16 15 1 MM............AA.B.DDC.B...C........
7 5 2 ..MM.B...C.B.AAC......DD............
7 5 2 ...MM....C.BAA.C.B..DD..............
7 5 2 .MM......C.BAA.C.B...DD.............
6 6 0 .MMC.....C.B...AAB...DD.............
7 6 1 .MMC.....C.B..AA.B...DD.............
8 8 0 MM.C.....C.B...AAB...DD.............
8 7 1 MM.C.....C.B..AA.B...DD.............
8 8 0 .MMC.....C.....AAB...DDB............
8 7 1 .MMC.....C....AA.B...DDB............
8 8 0 .MMC.....C.B...AAB....DD............
8 7 1 .MMC.....C.B..AA.B....DD............
9 9 0 MM.C.....C.B...AAB..DD..............
9 8 1 MM.C.....C.B..AA.B..DD..............
9 9 0 MM.C.....C.....AAB...DDB............
9 8 1 MM.C.....C....AA.B...DDB............
9 9 0 .MMC.....C.....AAB..DD.B............
9 8 1 .MMC.....C....AA.B..DD.B............
9 9 0 .MMC.....C.B...AAB.DD...............
9 8 1 .MMC.....C.B..AA.B.DD...............
10 10 0 MM.C.....C.B...AAB....DD............
10 9 1 MM.C.....C.B..AA.B....DD............
10 10 0 MM.C.....C.....AAB.DD..B............
10 9 1 MM.C.....C....AA.B.DD..B............
10 10 0 .MMC.....C.....AABDD...B............
10 9 1 .MMC.....C....AA.BDD...B............
10 10 0 .MMC.....C.B...AAB..DD..............
10 9 1 .MMC.....C.B..AA.B..DD..............
11 11 0 MM.C.....C.B...AABDD................
11 10 1 MM.C.....C.B..AA.BDD................
11 11 0 MM.C.....C.....AAB..DD.B............
11 10 1 MM.C.....C....AA.B..DD.B............
11 11 0 .MMC.....C.....AAB.DD..B............
11 10 1 .MMC.....C....AA.B.DD..B............
12 12 0 .MMC.....C.B...AABDD................
12 11 1 .MMC.....C.B..AA.BDD................
12 12 0 MM.C.....C.B...AAB.DD...............
12 11 1 MM.C.....C.B..AA.B.DD...............
12 12 0 MM.C.....C.....AABDD...B............
12 11 1 MM.C.....C....AA.BDD...B............
7 5 2 ....MM...C...AAC.....DDB.....B......
7 5 2 ....MM...C..AA.C.B...DDB............
8 6 2 ..MM.....C.BAA.C.BDD................
8 6 2 ...MMB...C.B.AAC....DD..............
8 6 2 ....MM.....BAA.C.B.DDC..............
9 7 2 .MM......C..AA.C.B..DD.B............
9 7 2 ...MM....C..AA.C.B.DD..B............
9 7 2 ..MM.....C...AAC..DD...B.....B......
9 7 2 ....MM......AA.C.BDD.C.B............
10 8 2 .MM........BAA.C.BDD.C..............
10 8 2 ..MM.....C...AAC.....DD......B.....B
10 8 2 ....MM...C...AAC....DD.......B.....B
10 8 2 .MM..B...C.B.AAC.....DD.............
10 8 2 ....MM.......AAC...DDC.B.....B......
11 9 2 ....MM.......AAC..DD.C.......B.....B
11 9 2 .MM......C...AAC....DD.B.....B......
11 9 2 ...MM....C...AAC...DD..B.....B......
11 9 2 ..MM.B.....B.AAC..DD.C..............
11 9 2 ...MMB.....B.AAC...DDC..............
12 10 2 ...MM........AAC..DD.C.B.....B......
12 10 2 MM...B...C.B.AAC...DD...............
12 10 2 MM.......C.BAA.C.B.DD...............
12 10 2 ...MM....C...AAC..DD.........B.....B
12 10 2 ..MM.........AAC...DDC.......B.....B
12 10 2 ..MM........AA.C.B.DDC.B............
12 10 2 .MM......C...AAC...DD........B.....B
13 11 2 MM.......C..AA.C.BDD...B............
6 4 2 .MM..B.....B.AAC.....CDD............
6 4 2 ..MM.......BAA.C.B...CDD............
7 5 2 ...CMM...C.B.AA..B....DD............
8 8 0 ...CMM...C......AA...DDB.....B......
9 8 1 ...CMM...C.....AA....DDB.....B......
10 10 0 ...CMM...C......AA...DD......B.....B
10 9 1 ...CMM...C.....AA....DD......B.....B
10 10 0 ...CMM...C......AA..DD.B.....B......
10 9 1 ...CMM...C.....AA...DD.B.....B......
11 11 0 ...CMM...C......AA....DD.....B.....B
11 10 1 ...CMM...C.....AA.....DD.....B.....B
11 11 0 ...CMM...C......AA.DD..B.....B......
11 10 1 ...CMM...C.....AA..DD..B.....B......
12 12 0 ...CMM...C......AA..DD.......B.....B
12 11 1 ...CMM...C.....AA...DD.......B.....B
12 12 0 ...CMM...C......AADD...B.....B......
12 11 1 ...CMM...C.....AA.DD...B.....B......
13 13 0 ...CMM...C......AA.DD........B.....B
13 12 1 ...CMM...C.....AA..DD........B.....B
14 14 0 ...CMM...C......AADD.........B.....B
14 13 1 ...CMM...C.....AA.DD.........B.....B
9 7 2 ...CMM...C...AA..B...DDB............
7 7 0 ...MMB.....B....AA...CDD...C........
8 7 1 ...MMB.....B...AA....CDD...C........
9 9 0 ..MM.B.....B....AA...CDD...C........
9 8 1 ..MM.B.....B...AA....CDD...C........
9 9 0 ...MMB.....B....AA....DD...C.....C..
9 8 1 ...MMB.....B...AA.....DD...C.....C..
10 10 0 .MM..B.....B....AA...CDD...C........
10 9 1 .MM..B.....B...AA....CDD...C........
10 10 0 ..MM.B.....B....AA....DD...C.....C..
10 9 1 ..MM.B.....B...AA.....DD...C.....C..
10 10 0 ...MMB.....B....AA...DD....C.....C..
10 9 1 ...MMB.....B...AA....DD....C.....C..
11 11 0 MM...B.....B....AA...CDD...C........
11 10 1 MM...B.....B...AA....CDD...C........
11 11 0 .MM..B.....B....AA....DD...C.....C..
11 10 1 .MM..B.....B...AA.....DD...C.....C..
11 11 0 ..MM.B.....B....AA..DD.....C.....C..
11 10 1 ..MM.B.....B...AA...DD.....C.....C..
11 11 0 MM...B.....B....AA...DD....C.....C..
11 10 1 MM...B.....B...AA....DD....C.....C..
11 11 0 ...MM...........AA...DDB...C.B...C..
11 10 1 ...MM..........AA....DDB...C.B...C..
11 11 0 ...MMB.....B....AA.DD......C.....C..
11 10 1 ...MMB.....B...AA..DD......C.....C..
12 12 0 .MM..B.....B....AADD.......C.....C..
12 11 1 .MM..B.....B...AA.DD.......C.....C..
12 12 0 ..MM............AA..DD.B...C.B...C..
12 11 1 ..MM...........AA...DD.B...C.B...C..
12 12 0 ..MM.B.....B....AA...DD....C.....C..
12 11 1 ..MM.B.....B...AA....DD....C.....C..
12 12 0 MM..............AA...DD....C.B...C.B
12 11 1 MM.............AA....DD....C.B...C.B
12 12 0 MM...B.....B....AA....DD...C.....C..
12 11 1 MM...B.....B...AA.....DD...C.....C..
12 12 0 ....MM..........AA...DDB...C.B...C..
12 11 1 ....MM.........AA....DDB...C.B...C..
12 12 0 ...MM...........AADD...B...C.B...C..
12 11 1 ...MM..........AA.DD...B...C.B...C..
12 12 0 ...MM...........AA.DD......C.B...C.B
12 11 1 ...MM..........AA..DD......C.B...C.B
12 12 0 ...MMB.....B....AA.DDC.....C........
12 11 1 ...MMB.....B...AA..DDC.....C........
12 12 0 ...MMB.....B....AA..DD.....C.....C..
12 11 1 ...MMB.....B...AA...DD.....C.....C..
13 13 0 .MM.............AADD.......C.B...C.B
13 12 1 .MM............AA.DD.......C.B...C.B
13 13 0 .MM..B.....B....AADD.C.....C........
13 12 1 .MM..B.....B...AA.DD.C.....C........
13 13 0 .MM..B.....B....AA.DD......C.....C..
13 12 1 .MM..B.....B...AA..DD......C.....C..
13 13 0 .MM.............AA..DD.B...C.B...C..
13 12 1 .MM............AA...DD.B...C.B...C..
13 13 0 ..MM............AA..DD.....C.B...C.B
13 12 1 ..MM...........AA...DD.....C.B...C.B
13 13 0 ..MM............AA.DD..B...C.B...C..
13 12 1 ..MM...........AA..DD..B...C.B...C..
13 13 0 ..MM.B.....B....AADD.......C.....C..
13 12 1 ..MM.B.....B...AA.DD.......C.....C..
13 13 0 MM..............AA....DD...C.B...C.B
13 12 1 MM.............AA.....DD...C.B...C.B
13 13 0 MM..............AA...DDB...C.B...C..
13 12 1 MM.............AA....DDB...C.B...C..
13 13 0 ....MM..........AA...DD....C.B...C.B
13 12 1 ....MM.........AA....DD....C.B...C.B
13 13 0 ....MM..........AADD...B...C.B...C..
13 12 1 ....MM.........AA.DD...B...C.B...C..
13 13 0 ...MM...........AADD.C.B...C.B......
13 12 1 ...MM..........AA.DD.C.B...C.B......
13 13 0 ..MM.B.....B....AA.DDC.....C........
13 12 1 ..MM.B.....B...AA..DDC.....C........
13 13 0 ...MM...........AA.DDC.....C.B.....B
13 12 1 ...MM..........AA..DDC.....C.B.....B
13 13 0 MM...B.....B....AA..DD.....C.....C..
13 12 1 MM...B.....B...AA...DD.....C.....C..
14 14 0 ...MM...........AADD.......C.B...C.B
14 13 1 ...MM..........AA.DD.......C.B...C.B
14 14 0 MM...B.....B....AADD.C.....C........
14 13 1 MM...B.....B...AA.DD.C.....C........
14 14 0 .MM.............AADD.C.....C.B.....B
14 13 1 .MM............AA.DD.C.....C.B.....B
14 14 0 .MM.............AA.DD......C.B...C.B
14 13 1 .MM............AA..DD......C.B...C.B
14 14 0 .MM..B.....B....AA...DD....C.....C..
14 13 1 .MM..B.....B...AA....DD....C.....C..
14 14 0 ...MM...........AA..DD.B...C.B...C..
14 13 1 ...MM..........AA...DD.B...C.B...C..
14 14 0 ..MM............AA....DD...C.B...C.B
14 13 1 ..MM...........AA.....DD...C.B...C.B
14 14 0 MM..............AA...CDD...C.B.....B
14 13 1 MM.............AA....CDD...C.B.....B
14 14 0 ..MM............AA...DDB...C.B...C..
14 13 1 ..MM...........AA....DDB...C.B...C..
14 14 0 MM..............AA.DD..B...C.B...C..
14 13 1 MM.............AA..DD..B...C.B...C..
14 14 0 ....MM..........AA..DD.....C.B...C.B
14 13 1 ....MM.........AA...DD.....C.B...C.B
14 14 0 .MM.............AADD...B...C.B...C..
14 13 1 .MM............AA.DD...B...C.B...C..
14 14 0 ....MM..........AADD.C.B...C.B......
14 13 1 ....MM.........AA.DD.C.B...C.B......
14 14 0 .MM..B.....B....AA.DDC.....C........
14 13 1 .MM..B.....B...AA..DDC.....C........
14 14 0 ..MM............AA.DDC.B...C.B......
14 13 1 ..MM...........AA..DDC.B...C.B......
14 14 0 ..MM.B.....B....AA.DD......C.....C..
14 13 1 ..MM.B.....B...AA..DD......C.....C..
14 14 0 ....MM..........AA.DDC.....C.B.....B
14 13 1 ....MM.........AA..DDC.....C.B.....B
15 15 0 MM..............AADD.......C.B...C.B
15 14 1 MM.............AA.DD.......C.B...C.B
15 15 0 ...MMB.....B....AADD.......C.....C..
15 14 1 ...MMB.....B...AA.DD.......C.....C..
15 15 0 ...MM...........AA...DD....C.B...C.B
15 14 1 ...MM..........AA....DD....C.B...C.B
15 15 0 ..MM.B.....B....AADD.C.....C........
15 14 1 ..MM.B.....B...AA.DD.C.....C........
15 15 0 ...MM...........AADD.C.....C.B.....B
15 14 1 ...MM..........AA.DD.C.....C.B.....B
15 15 0 .MM..B.....B....AA..DD.....C.....C..
15 14 1 .MM..B.....B...AA...DD.....C.....C..
15 15 0 .MM.............AA....DD...C.B...C.B
15 14 1 .MM............AA.....DD...C.B...C.B
15 15 0 ..MM............AA...CDD...C.B.....B
15 14 1 ..MM...........AA....CDD...C.B.....B
15 15 0 ...MM...........AA.DD..B...C.B...C..
15 14 1 ...MM..........AA..DD..B...C.B...C..
15 15 0 MM..............AA..DD.B...C.B...C..
15 14 1 MM.............AA...DD.B...C.B...C..
15 15 0 ..MM............AADD...B...C.B...C..
15 14 1 ..MM...........AA.DD...B...C.B...C..
15 15 0 .MM.............AA...DDB...C.B...C..
15 14 1 .MM............AA....DDB...C.B...C..
15 15 0 .MM.............AADD.C.B...C.B......
15 14 1 .MM............AA.DD.C.B...C.B......
15 15 0 MM...B.....B....AA.DDC.....C........
15 14 1 MM...B.....B...AA..DDC.....C........
15 15 0 ..MM............AA.DD......C.B...C.B
15 14 1 ..MM...........AA..DD......C.B...C.B
15 15 0 .MM.............AA.DDC.....C.B.....B
15 14 1 .MM............AA..DDC.....C.B.....B
15 15 0 ....MM..........AA.DDC.B...C.B......
15 14 1 ....MM.........AA..DDC.B...C.B......
16 16 0 ....MM..........AADD.......C.B...C.B
16 15 1 ....MM.........AA.DD.......C.B...C.B
16 16 0 MM...B.....B....AADD.......C.....C..
16 15 1 MM...B.....B...AA.DD.......C.....C..
16 16 0 ...MM...........AA..DD.....C.B...C.B
16 15 1 ...MM..........AA...DD.....C.B...C.B
16 16 0 ..MM............AADD.C.....C.B.....B
16 15 1 ..MM...........AA.DD.C.....C.B.....B
16 16 0 ...MMB.....B....AADD.C.....C........
16 15 1 ...MMB.....B...AA.DD.C.....C........
16 16 0 ...MM...........AA...CDD...C.B.....B
16 15 1 ...MM..........AA....CDD...C.B.....B
16 16 0 ....MM..........AA..DD.B...C.B...C..
16 15 1 ....MM.........AA...DD.B...C.B...C..
16 16 0 .MM.............AA...DD....C.B...C.B
16 15 1 .MM............AA....DD....C.B...C.B
16 16 0 .MM.............AA.DD..B...C.B...C..
16 15 1 .MM............AA..DD..B...C.B...C..
16 16 0 MM..............AADD.C.B...C.B......
16 15 1 MM.............AA.DD.C.B...C.B......
16 16 0 MM..............AA.DD......C.B...C.B
16 15 1 MM.............AA..DD......C.B...C.B
16 16 0 ...MM...........AA.DDC.B...C.B......
16 15 1 ...MM..........AA..DDC.B...C.B......
17 17 0 ....MM..........AA....DD...C.B...C.B
17 16 1 ....MM.........AA.....DD...C.B...C.B
17 17 0 ....MM..........AADD.C.....C.B.....B
17 16 1 ....MM.........AA.DD.C.....C.B.....B
17 17 0 ..MM............AADD.......C.B...C.B
17 16 1 ..MM...........AA.DD.......C.B...C.B
17 17 0 ..MM............AA.DDC.....C.B.....B
17 16 1 ..MM...........AA..DDC.....C.B.....B
17 17 0 .MM.............AA...CDD...C.B.....B
17 16 1 .MM............AA....CDD...C.B.....B
17 17 0 .MM.............AA..DD.....C.B...C.B
17 16 1 .MM............AA...DD.....C.B...C.B
17 17 0 ....MM..........AA.DD..B...C.B...C..
17 16 1 ....MM.........AA..DD..B...C.B...C..
17 17 0 ..MM............AADD.C.B...C.B......
17 16 1 ..MM...........AA.DD.C.B...C.B......
17 17 0 MM..............AADD...B...C.B...C..
17 16 1 MM.............AA.DD...B...C.B...C..
17 17 0 MM...B.....B....AA.DD......C.....C..
17 16 1 MM...B.....B...AA..DD......C.....C..
17 17 0 .MM.............AA.DDC.B...C.B......
17 16 1 .MM............AA..DDC.B...C.B......
18 18 0 ...MM...........AA....DD...C.B...C.B
18 17 1 ...MM..........AA.....DD...C.B...C.B
18 18 0 MM..............AADD.C.....C.B.....B
18 17 1 MM.............AA.DD.C.....C.B.....B
18 18 0 ..MM............AA...DD....C.B...C.B
18 17 1 ..MM...........AA....DD....C.B...C.B
18 18 0 ....MM..........AA...CDD...C.B.....B
18 17 1 ....MM.........AA....CDD...C.B.....B
18 18 0 MM..............AA..DD.....C.B...C.B
18 17 1 MM.............AA...DD.....C.B...C.B
18 18 0 ....MM..........AA.DD......C.B...C.B
18 17 1 ....MM.........AA..DD......C.B...C.B
18 18 0 MM..............AA.DDC.B...C.B......
18 17 1 MM.............AA..DDC.B...C.B......
19 19 0 MM..............AA.DDC.....C.B.....B
19 18 1 MM.............AA..DDC.....C.B.....B
8 6 2 ...MM......B.AA..B...CDD...C........
10 8 2 ...MM......B.AA..B...DD....C.....C..
11 9 2 ..MM.......B.AA..B....DD...C.....C..
11 9 2 ....MM.....B.AA..B..DD.....C.....C..
12 10 2 ..MM.........AA..B...DDB...C.....C..
12 10 2 ...MM........AA..BDD...B...C.....C..
12 10 2 ...MM......B.AA..B.DDC.....C........
13 11 2 ..MM.......B.AA..BDD.C.....C........
13 11 2 MM.........B.AA..BDD.......C.....C..
13 11 2 .MM..........AA..B..DD.B...C.....C..
13 11 2 ....MM.......AA..B.DD..B...C.....C..
14 12 2 .MM........B.AA..B.DD......C.....C..
15 13 2 .MM..........AA..BDD.C.B...C........
17 15 2 ..MM.........AA..B.DDC.B...C........
8 6 2 ....MM...C.BAA.C.B..DD..............
8 6 2 ...MM....C.BAA.C.B....DD............
9 7 2 .MMC.....C.B.AA..B...DD.............
9 9 0 .MMC.B...C.B....AA...DD.............
10 9 1 .MMC.B...C.B...AA....DD.............
11 11 0 MM.C.B...C.B....AA...DD.............
11 10 1 MM.C.B...C.B...AA....DD.............
11 11 0 .MMC.....C......AA...DDB.....B......
11 10 1 .MMC.....C.....AA....DDB.....B......
11 11 0 .MMC.B...C.B....AA....DD............
11 10 1 .MMC.B...C.B...AA.....DD............
12 12 0 MM.C.....C......AA...DD......B.....B
12 11 1 MM.C.....C.....AA....DD......B.....B
12 12 0 MM.C.B...C.B....AA..DD..............
12 11 1 MM.C.B...C.B...AA...DD..............
12 12 0 .MMC.....C......AA..DD.B.....B......
12 11 1 .MMC.....C.....AA...DD.B.....B......
12 12 0 .MMC.B...C.B....AA.DD...............
12 11 1 .MMC.B...C.B...AA..DD...............
13 13 0 .MMC.....C......AA...DD......B.....B
13 12 1 .MMC.....C.....AA....DD......B.....B
13 13 0 MM.C.....C......AA...DDB.....B......
13 12 1 MM.C.....C.....AA....DDB.....B......
13 13 0 MM.C.....C......AA....DD.....B.....B
13 12 1 MM.C.....C.....AA.....DD.....B.....B
13 13 0 MM.C.B...C.B....AA....DD............
13 12 1 MM.C.B...C.B...AA.....DD............
13 13 0 .MMC.....C......AADD...B.....B......
13 12 1 .MMC.....C.....AA.DD...B.....B......
13 13 0 .MMC.B...C.B....AA..DD..............
13 12 1 .MMC.B...C.B...AA...DD..............
14 14 0 .MMC.....C......AA.DD........B.....B
14 13 1 .MMC.....C.....AA..DD........B.....B
14 14 0 MM.C.....C......AA..DD.B.....B......
14 13 1 MM.C.....C.....AA...DD.B.....B......
14 14 0 MM.C.....C......AADD.........B.....B
14 13 1 MM.C.....C.....AA.DD.........B.....B
14 14 0 MM.C.B...C.B....AA.DD...............
14 13 1 MM.C.B...C.B...AA..DD...............
14 14 0 .MMC.B...C.B....AADD................
14 13 1 .MMC.B...C.B...AA.DD................
15 15 0 .MMC.....C......AA.DD..B.....B......
15 14 1 .MMC.....C.....AA..DD..B.....B......
15 15 0 .MMC.....C......AA..DD.......B.....B
15 14 1 .MMC.....C.....AA...DD.......B.....B
15 15 0 MM.C.....C......AADD...B.....B......
15 14 1 MM.C.....C.....AA.DD...B.....B......
15 15 0 MM.C.....C......AA.DD........B.....B
15 14 1 MM.C.....C.....AA..DD........B.....B
16 16 0 .MMC.....C......AA....DD.....B.....B
16 15 1 .MMC.....C.....AA.....DD.....B.....B
16 16 0 MM.C.B...C.B....AADD................
16 15 1 MM.C.B...C.B...AA.DD................
16 16 0 MM.C.....C......AA.DD..B.....B......
16 15 1 MM.C.....C.....AA..DD..B.....B......
16 16 0 MM.C.....C......AA..DD.......B.....B
16 15 1 MM.C.....C.....AA...DD.......B.....B
17 17 0 .MMC.....C......AADD.........B.....B
17 16 1 .MMC.....C.....AA.DD.........B.....B
11 9 2 MM.C.....C.B.AA..B..DD..............
11 9 2 MM.C.....C...AA..B...DDB............
11 9 2 .MMC.....C...AA..B..DD.B............
8 6 2 MM.......C...AAC.....DDB.....B......
8 6 2 ..MM.....C..AA.C.B...DDB............
9 7 2 ..MM.B...C.B.AAC....DD..............
9 7 2 ...MMB...C.B.AAC......DD............
9 7 2 ...MM......BAA.C.B.DDC..............
10 8 2 ....MM...C..AA.C.B.DD..B............
10 8 2 ...MM....C..AA.C.B..DD.B............
10 8 2 ....MM...C...AAC..DD...B.....B......
10 8 2 ...MM.......AA.C.BDD.C.B............
11 9 2 ..MM.......BAA.C.BDD.C..............
11 9 2 .MM......C.BAA.C.BDD................
11 9 2 ..MM.....C...AAC......DD.....B.....B
11 9 2 MM.......C...AAC....DD.......B.....B
11 9 2 ....MM...C...AAC.....DD......B.....B
11 9 2 .MM..B...C.B.AAC..DD................
11 9 2 .MM..........AAC...DDC.B.....B......
12 10 2 .MM..........AAC..DD.C.......B.....B
12 10 2 ..MM.....C...AAC...DD..B.....B......
12 10 2 ...MM....C...AAC....DD.B.....B......
12 10 2 MM...B.....B.AAC..DD.C..............
13 11 2 ..MM.........AAC..DD.C.B.....B......
13 11 2 ..MM.....C.BAA.C.B.DD...............
13 11 2 MM.......C.BAA.C.B...DD.............
13 11 2 ...MM........AAC...DDC.......B.....B
13 11 2 ..MM.B.....B.AAC...DDC..............
13 11 2 .MM.........AA.C.B.DDC.B............
7 5 2 ..MM.B.....B.AAC.....CDD............
7 5 2 .MM........BAA.C.B...CDD............
8 6 2 ...CMM...C.B.AA..B..DD..............
11 9 2 ...CMM...C....AA.....DDB.....B......
13 11 2 ...CMM...C....AA......DD.....B.....B
10 8 2 ...CMM...C...AA..BDD...B............
10 8 2 ...MMB.....B..AA.....CDD...C........
12 10 2 ..MM.B.....B..AA......DD...C.....C..
12 10 2 ...MMB.....B..AA.....DD....C.....C..
14 12 2 .MM..B.....B..AA..DD.......C.....C..
14 12 2 ..MM..........AA....DD.B...C.B...C..
14 12 2 MM............AA.....DD....C.B...C.B
14 12 2 ....MM........AA.....DDB...C.B...C..
14 12 2 ...MM.........AA..DD...B...C.B...C..
14 12 2 ...MM.........AA...DD......C.B...C.B
14 12 2 ...MMB.....B..AA...DDC.....C........
15 13 2 MM...B.....B..AA....DD.....C.....C..
16 14 2 MM...B.....B..AA..DD.C.....C........
16 14 2 .MM...........AA..DD.C.....C.B.....B
16 14 2 ..MM..........AA......DD...C.B...C.B
16 14 2 MM............AA.....CDD...C.B.....B
16 14 2 MM............AA...DD..B...C.B...C..
16 14 2 ....MM........AA....DD.....C.B...C.B
16 14 2 ....MM........AA..DD.C.B...C.B......
16 14 2 ..MM..........AA...DDC.B...C.B......
16 14 2 ....MM........AA...DDC.....C.B.....B
9 7 2 ....MM.....B.AA..B...CDD...C........
12 10 2 ...MM......B.AA..B....DD...C.....C..
12 10 2 ..MM.......B.AA..B..DD.....C.....C..
12 10 2 ....MM.....B.AA..B...DD....C.....C..
13 11 2 MM...........AA..B...DDB...C.....C..
13 11 2 ..MM.........AA..BDD...B...C.....C..
13 11 2 ....MM.....B.AA..B.DDC.....C........
14 12 2 ...MM......B.AA..BDD.C.....C........
14 12 2 ...MM........AA..B..DD.B...C.....C..
15 13 2 MM.........B.AA..B.DD......C.....C..
15 13 2 .MM..........AA..B.DD..B...C.....C..
15 13 2 .MM........B.AA..BDD.......C.....C..
16 14 2 MM...........AA..BDD.C.B...C........
18 16 2 ...MM........AA..B.DDC.B...C........
10 8 2 .MMC.....C.B.AA..B....DD............
12 10 2 .MMC.B...C.B..AA.....DD.............
14 12 2 MM.C.....C....AA.....DD......B.....B
14 12 2 MM.C.B...C.B..AA....DD..............
14 12 2 .MMC.....C....AA....DD.B.....B......
16 14 2 .MMC.....C....AA...DD........B.....B
17 15 2 MM.C.....C....AA..DD...B.....B......
12 10 2 MM.C.....C.B.AA..BDD................
12 10 2 MM.C.....C...AA..B.DD..B............
12 10 2 .MMC.....C...AA..B...DDB............
9 7 2 .MM......C...AAC.....DDB.....B......
9 7 2 MM...B...C.B.AAC.....DD.............
9 7 2 .MM......C..AA.C.B...DDB............
9 7 2 ..MM.....C..AA.C.BDD...B............
10 8 2 ...MMB...C.B.AAC...DD...............
10 8 2 MM.........BAA.C.B.DDC..............
11 9 2 MM.......C..AA.C.B.DD..B............
11 9 2 ....MM...C..AA.C.B..DD.B............
11 9 2 MM.......C...AAC..DD...B.....B......
11 9 2 MM..........AA.C.BDD.C.B............
12 10 2 ...MM......BAA.C.BDD.C..............
12 10 2 ....MM...C.BAA.C.BDD................
12 10 2 .MM......C.BAA.C.B..DD..............
12 10 2 ...MM....C...AAC......DD.....B.....B
12 10 2 ..MM.........AAC.....CDD.....B.....B
12 10 2 ..MM.....C...AAC..DD.........B.....B
12 10 2 .MM......C...AAC....DD.......B.....B
12 10 2 MM.......C...AAC...DD........B.....B
12 10 2 .MM..B...C.B.AAC......DD............
12 10 2 MM...........AAC...DDC.B.....B......
13 11 2 ....MM...C...AAC...DD..B.....B......
13 11 2 ..MM.....C...AAC....DD.B.....B......
13 11 2 .MM..B.....B.AAC..DD.C..............
13 11 2 MM...........AAC..DD.C.......B.....B
14 12 2 ....MM.......AAC..DD.C.B.....B......
14 12 2 ...MM....C.BAA.C.B.DD...............
14 12 2 ..MM.....C.BAA.C.B....DD............
14 12 2 ....MM.......AAC...DDC.......B.....B
14 12 2 ...MM.......AA.C.B.DDC.B............
8 6 2 MM...B.....B.AAC.....CDD............
8 6 2 MM.........BAA.C.B...CDD............
9 7 2 ...CMM...C.B.AA..B...DD.............
12 10 2 ...CMM...C....AA....DD.B.....B......
14 12 2 ...CMM...C....AA.....DD......B.....B
11 9 2 ...CMM...C...AA..B.DD..B............
11 9 2 .MM..B.....B..AA.....CDD...C........
13 11 2 ..MM.B.....B..AA...DD......C.....C..
13 11 2 ...MMB.....B..AA......DD...C.....C..
15 13 2 .MM..B.....B..AA.....DD....C.....C..
15 13 2 .MM...........AA....DD.B...C.B...C..
15 13 2 MM............AA..DD.......C.B...C.B
15 13 2 ..MM..........AA.....DDB...C.B...C..
15 13 2 .MM...........AA...DD......C.B...C.B
15 13 2 ...MM.........AA.....DD....C.B...C.B
15 13 2 .MM..B.....B..AA...DDC.....C........
17 15 2 ..MM.B.....B..AA..DD.C.....C........
17 15 2 ...MM.........AA..DD.C.....C.B.....B
17 15 2 .MM...........AA.....CDD...C.B.....B
17 15 2 ...MM.........AA...DD..B...C.B...C..
17 15 2 ..MM..........AA....DD.....C.B...C.B
17 15 2 ....MM........AA......DD...C.B...C.B
17 15 2 .MM...........AA..DD.C.B...C.B......
17 15 2 ....MM........AA..DD...B...C.B...C..
17 15 2 MM............AA...DDC.B...C.B......
17 15 2 ..MM..........AA...DDC.....C.B.....B
10 8 2 ..MM.......B.AA..B...CDD...C........
13 11 2 ..MM.......B.AA..B...DD....C.....C..
13 11 2 ....MM.....B.AA..B....DD...C.....C..
14 12 2 ....MM.......AA..B...DDB...C.....C..
14 12 2 ..MM.......B.AA..B.DDC.....C........
15 13 2 ....MM.....B.AA..BDD.C.....C........
15 13 2 ..MM.........AA..B..DD.B...C.....C..
15 13 2 ...MM......B.AA..B..DD.....C.....C..
16 14 2 .MM..........AA..BDD...B...C.....C..
17 15 2 ..MM.........AA..BDD.C.B...C........
19 17 2 .MM..........AA..B.DDC.B...C........
19 17 2 ...MM........AA..B.DD..B...C.....C..
11 9 2 .MMC.....C.B.AA..B..DD..............
13 11 2 .MMC.B...C.B..AA......DD............
15 13 2 MM.C.....C....AA......DD.....B.....B
15 13 2 MM.C.B...C.B..AA.....DD.............
15 13 2 .MMC.....C....AA.....DDB.....B......
17 15 2 .MMC.....C....AA....DD.......B.....B
18 16 2 MM.C.....C....AA...DD..B.....B......
13 11 2 MM.C.....C.B.AA..B...DD.............
13 11 2 MM.C.....C...AA..B..DD.B............
10 8 2 ...MM....C...AAC.....DDB.....B......
10 8 2 ..MM.B...C.B.AAC.....DD.............
10 8 2 MM...B...C.B.AAC....DD..............
10 8 2 ...MM....C..AA.C.B...DDB............
10 8 2 .MM......C..AA.C.BDD...B............
11 9 2 ...MMB...C.B.AAC..DD................
11 9 2 .MM........BAA.C.B.DDC..............
12 10 2 ..MM.....C..AA.C.B.DD..B............
12 10 2 MM.......C..AA.C.B..DD.B............
12 10 2 .MM......C...AAC..DD...B.....B......
12 10 2 ..MM........AA.C.BDD.C.B............
13 11 2 MM.........BAA.C.BDD.C..............
13 11 2 ....MM...C.BAA.C.B...DD.............
13 11 2 ....MM...C...AAC......DD.....B.....B
13 11 2 ...MM........AAC.....CDD.....B.....B
13 11 2 ...MM....C...AAC....DD.......B.....B
13 11 2 .MM......C...AAC.....DD......B.....B
13 11 2 ..MM.....C...AAC...DD........B.....B
13 11 2 .MM..B...C.B.AAC...DD...............
13 11 2 ..MM.........AAC...DDC.B.....B......
13 11 2 MM...B.....B.AAC...DDC..............
14 12 2 MM.......C...AAC...DD..B.....B......
14 12 2 ....MM...C...AAC....DD.B.....B......
14 12 2 ..MM.........AAC..DD.C.......B.....B
14 12 2 MM.......C...AAC..DD.........B.....B
15 13 2 MM...........AAC..DD.C.B.....B......
15 13 2 ...MM....C.BAA.C.BDD................
15 13 2 .MM......C.BAA.C.B....DD............
15 13 2 ..MM.....C.BAA.C.B..DD..............
15 13 2 .MM..........AAC...DDC.......B.....B
15 13 2 ....MM......AA.C.B.DDC.B............
13 11 2 ...CMM...C....AA...DD..B.....B......
15 13 2 ...CMM...C....AA....DD.......B.....B
12 10 2 ...CMM...C.B.AA..B.DD...............
12 10 2 ...CMM...C...AA..B..DD.B............
12 10 2 ..MM.B.....B..AA.....CDD...C........
14 12 2 MM...B.....B..AA...DD......C.....C..
14 12 2 ...MMB.....B..AA....DD.....C.....C..
16 14 2 .MM..B.....B..AA......DD...C.....C..
16 14 2 MM............AA....DD.B...C.B...C..
16 14 2 .MM...........AA.....DDB...C.B...C..
16 14 2 ..MM.B.....B..AA.....DD....C.....C..
16 14 2 .MM...........AA..DD.......C.B...C.B
18 16 2 ....MM........AA..DD.C.....C.B.....B
18 16 2 ...MMB.....B..AA..DD.C.....C........
18 16 2 ..MM..........AA.....CDD...C.B.....B
18 16 2 ..MM..........AA...DD..B...C.B...C..
18 16 2 ...MM.........AA......DD...C.B...C.B
18 16 2 ....MM........AA.....DD....C.B...C.B
18 16 2 ..MM..........AA..DD.C.B...C.B......
18 16 2 .MM...........AA...DDC.B...C.B......
18 16 2 ...MM.........AA...DDC.....C.B.....B
18 16 2 ..MM.B.....B..AA...DDC.....C........
11 9 2 .MM........B.AA..B...CDD...C........
14 12 2 .MM........B.AA..B...DD....C.....C..
14 12 2 ..MM.......B.AA..BDD.......C.....C..
14 12 2 MM.........B.AA..B....DD...C.....C..
15 13 2 MM.........B.AA..B.DDC.....C........
16 14 2 .MM........B.AA..BDD.C.....C........
16 14 2 ....MM.......AA..B..DD.B...C.....C..
17 15 2 MM...........AA..BDD...B...C.....C..
17 15 2 .MMC.....C...AA..BDD...B............
18 16 2 ...MM........AA..BDD.C.B...C........
20 18 2 ....MM.......AA..B.DDC.B...C........
20 18 2 ..MM.........AA..B.DD..B...C.....C..
20 18 2 ...MM......B.AA..B.DD......C.....C..
20 18 2 ...MM........AA..B...DDB...C.....C..
12 10 2 .MMC.....C.B.AA..B.DD...............
14 12 2 .MMC.B...C.B..AA...DD...............
16 14 2 MM.C.....C....AA..DD.........B.....B
16 14 2 MM.C.B...C.B..AA......DD............
16 14 2 .MMC.....C....AA..DD...B.....B......
18 16 2 .MMC.....C....AA.....DD......B.....B
19 17 2 MM.C.....C....AA....DD.B.....B......
11 9 2 ..MM.....C...AAC.....DDB.....B......
11 9 2 MM...B...C.B.AAC......DD............
11 9 2 ....MM...C..AA.C.BDD...B............
12 10 2 ..MM.B...C.B.AAC..DD................
12 10 2 ...MMB.....B.AAC..DD.C..............
12 10 2 ...MMB...C.B.AAC.....DD.............
12 10 2 ..MM.......BAA.C.B.DDC..............
13 11 2 .MM......C..AA.C.B.DD..B............
13 11 2 MM.......C..AA.C.B...DDB............
13 11 2 ...MM....C...AAC..DD...B.....B......
13 11 2 .MM.........AA.C.BDD.C.B............
14 12 2 ....MM.....BAA.C.BDD.C..............
14 12 2 ....MM...C.BAA.C.B.DD...............
14 12 2 ....MM.......AAC.....CDD.....B.....B
14 12 2 .MM......C...AAC......DD.....B.....B
14 12 2 ...MM....C...AAC...DD........B.....B
14 12 2 ..MM.....C...AAC....DD.......B.....B
14 12 2 .MM..B...C.B.AAC....DD..............
14 12 2 ...MM........AAC...DDC.B.....B......
15 13 2 .MM......C...AAC...DD..B.....B......
15 13 2 MM.......C...AAC....DD.B.....B......
15 13 2 ....MM...C...AAC..DD.........B.....B
15 13 2 MM.......C...AAC.....DD......B.....B
16 14 2 .MM..........AAC..DD.C.B.....B......
16 14 2 MM.......C.BAA.C.BDD................
16 14 2 ...MM....C.BAA.C.B...DD.............
16 14 2 ..MM.....C..AA.C.B..DD.B............
16 14 2 MM...........AAC...DDC.......B.....B
16 14 2 .MM..B.....B.AAC...DDC..............
16 14 2 MM..........AA.C.B.DDC.B............
14 12 2 ...CMM...C....AA..DD...B.....B......
16 14 2 ...CMM...C....AA...DD........B.....B
13 11 2 ...CMM...C.B.AA..BDD................
13 11 2 MM...B.....B..AA.....CDD...C........
15 13 2 MM............AA...DD......C.B...C.B
15 13 2 MM...B.....B..AA..DD.......C.....C..
15 13 2 ...MMB.....B..AA...DD......C.....C..
17 15 2 .MM..B.....B..AA....DD.....C.....C..
17 15 2 ...MM.........AA....DD.B...C.B...C..
17 15 2 MM............AA.....DDB...C.B...C..
17 15 2 ..MM..........AA..DD.......C.B...C.B
17 15 2 .MM...........AA..DD...B...C.B...C..
19 17 2 MM............AA..DD.C.....C.B.....B
19 17 2 .MM..B.....B..AA..DD.C.....C........
19 17 2 ....MM........AA.....CDD...C.B.....B
19 17 2 ....MM........AA...DD..B...C.B...C..
19 17 2 .MM...........AA......DD...C.B...C.B
19 17 2 ...MM.........AA..DD.C.B...C.B......
19 17 2 .MM...........AA...DDC.....C.B.....B
19 17 2 MM...B.....B..AA...DDC.....C........
15 13 2 .MM........B.AA..B..DD.....C.....C..
15 13 2 MM.........B.AA..B...CDD...C........
15 13 2 MM.........B.AA..B...DD....C.....C..
17 15 2 MM.........B.AA..BDD.C.....C........
18 16 2 ....MM.......AA..BDD...B...C.....C..
18 16 2 MM...........AA..B..DD.B...C.....C..
18 16 2 MM.C.....C...AA..BDD...B............
21 19 2 MM...........AA..B.DDC.B...C........
21 19 2 ....MM.....B.AA..B.DD......C.....C..
21 19 2 ...MM......B.AA..BDD.......C.....C..
21 19 2 .MM..........AA..B...DDB...C.....C..
13 11 2 MM.C.....C.B.AA..B.DD...............
13 11 2 .MMC.....C...AA..B.DD..B............
13 11 2 .MM........B.AA..B.DDC.....C........
13 11 2 .MMC.....C.B.AA..BDD................
15 13 2 .MMC.B...C.B..AA....DD..............
17 15 2 MM.C.....C....AA...DD........B.....B
17 15 2 MM.C.B...C.B..AA..DD................
17 15 2 .MMC.....C....AA...DD..B.....B......
19 17 2 .MMC.....C....AA......DD.....B.....B
20 18 2 MM.C.....C....AA.....DDB.....B......
12 10 2 ...MM....C..AA.C.BDD...B............
13 11 2 MM...B...C.B.AAC..DD................
13 11 2 ..MM.B...C.B.AAC...DD...............
13 11 2 ...MM........AAC..DD.C.......B.....B
15 13 2 .MM......C.BAA.C.B.DD...............
15 13 2 MM...........AAC.....CDD.....B.....B
16 14 2 .MM......C...AAC..DD.........B.....B
16 14 2 ....MM...C...AAC...DD........B.....B
16 14 2 ...MM....C...AAC.....DD......B.....B
17 15 2 MM.......C.BAA.C.B..DD..............
17 15 2 ..MM.....C.BAA.C.B...DD.............
17 15 2 ...CMM...C....AA..DD.........B.....B
16 14 2 MM............AA....DD.....C.B...C.B
16 14 2 MM...B.....B..AA......DD...C.....C..
16 14 2 ...MMB.....B..AA..DD.......C.....C..
18 16 2 ..MM.B.....B..AA....DD.....C.....C..
18 16 2 .MM..B.....B..AA...DD......C.....C..
18 16 2 ...MM.........AA.....DDB...C.B...C..
18 16 2 ....MM........AA..DD.......C.B...C.B
18 16 2 ..MM..........AA...DD......C.B...C.B
18 16 2 ..MM..........AA..DD...B...C.B...C..
20 18 2 ..MM..........AA..DD.C.....C.B.....B
20 18 2 ...MM.........AA.....CDD...C.B.....B
20 18 2 ....MM........AA...DDC.B...C.B......
20 18 2 ....MM........AA....DD.B...C.B...C..
20 18 2 .MM...........AA.....DD....C.B...C.B
20 18 2 MM............AA..DD.C.B...C.B......
20 18 2 MM............AA...DDC.....C.B.....B
16 14 2 .MM........B.AA..B....DD...C.....C..
19 17 2 ....MM.......AA..BDD.C.B...C........
19 17 2 MM.........B.AA..B..DD.....C.....C..
22 20 2 MM...........AA..B.DD..B...C.....C..
22 20 2 ..MM.......B.AA..B.DD......C.....C..
22 20 2 ....MM.....B.AA..BDD.......C.....C..
14 12 2 MM.C.....C.B.AA..B....DD............
18 16 2 MM.C.....C....AA....DD.......B.....B
18 16 2 .MMC.B...C.B..AA..DD................
18 16 2 MM.C.B...C.B..AA...DD...............
16 14 2 .MM..........AAC.....CDD.....B.....B
16 14 2 MM.......C...AAC......DD.....B.....B
18 16 2 MM.......C.BAA.C.B....DD............
17 15 2 ...MM.........AA....DD.....C.B...C.B
17 15 2 MM............AA......DD...C.B...C.B
17 15 2 MM...B.....B..AA.....DD....C.....C..
19 17 2 .MM...........AA...DD..B...C.B...C..
19 17 2 ....MM........AA...DD......C.B...C.B
19 17 2 ..MM.B.....B..AA..DD.......C.....C..
21 19 2 ...MM.........AA...DDC.B...C.B......
21 19 2 ..MM..........AA.....DD....C.B...C.B
21 19 2 MM............AA..DD...B...C.B...C..
19 17 2 .MMC.....C....AA..DD.........B.....B
18 16 2 .MM...........AA....DD.....C.B...C.B
18 16 2 ...MM.........AA..DD.......C.B...C.B
7 4 3 ...MMB.....BAA.C.....CDD............
9 6 3 ...CMM...C.BAA...B....DD............
11 8 3 ...CMM...C..AA...B...DDB............
12 9 3 ...MM......BAA...B...DD....C.....C..
13 10 3 ....MM.....BAA...B..DD.....C.....C..
14 11 3 ..MM........AA...B...DDB...C.....C..
15 12 3 .MM.........AA...B..DD.B...C.....C..
10 7 3 ...MM......BAA...B...CDD...C........
11 8 3 .MMC.....C.BAA...B...DD.............
13 10 3 .MMC.....C..AA...B..DD.B............
12 9 3 ...MMB...C.BAA.C....DD..............
13 10 3 ..MM.......BAA...BDD.C.....C........
13 10 3 ..MM.....C..AA.C......DD.....B.....B
12 9 3 ...MMB.....B.AA......CDD...C........
14 11 3 ..MM.B.....B.AA.......DD...C.....C..
17 14 3 .MM........BAA...BDD.......C.....C..
14 11 3 .MMC.B...C.B.AA......DD.............
11 8 3 .MM..B...C.BAA.C.....DD.............
11 8 3 ..MM.....C..AA.C..DD...B.....B......
12 9 3 ...MMB.....B.AA....DDC.....C........
12 9 3 MM.........BAA...B.DD......C.....C..
13 10 3 MM...B...C.BAA.C...DD...............
13 10 3 ....MM...C..AA.C....DD.......B.....B
13 10 3 MM..........AA...BDD.C.B...C........
14 11 3 ...MM.......AA.C..DD.C.B.....B......
14 11 3 .MM......C..AA.C....DD.B.....B......
14 11 3 ..MM.........AA.......DD...C.B...C.B
16 13 3 ...MM....C..AA.C...DD..B.....B......
16 13 3 ...MM......BAA...B.DDC.....C........
16 13 3 ..MM.B...C.BAA.C......DD............
16 13 3 ..MM.......BAA...B....DD...C.....C..
16 13 3 ...MMB.....BAA.C...DDC..............
11 8 3 ...CMM...C...AA......DDB.....B......
15 12 3 ..MM.........AA......DDB...C.B...C..
18 15 3 .MM..B.....B.AA...DD.......C.....C..
21 18 3 ...MM.......AA...B.DD..B...C.....C..
13 10 3 .MMC.....C...AA.....DD.B.....B......
12 9 3 MM.C.B...C.B.AA.....DD..............
13 10 3 .MM.........AA.C...DDC.B.....B......
14 11 3 ..MM........AA...B.DDC.B...C........
14 11 3 ..MM.B.....BAA.C..DD.C..............
15 12 3 MM..........AA.C..DD.C.......B.....B
15 12 3 ....MM...C..AA.C.....DDB.....B......
15 12 3 ...MM.......AA.C.....CDD.....B.....B
15 12 3 ..MM.........AA....DDC.....C.B.....B
17 14 3 .MM..........AA....DD......C.B...C.B
17 14 3 ....MM......AA.C...DDC.......B.....B
14 11 3 ...CMM...C...AA.....DD.......B.....B
16 13 3 ...MMB.....B.AA.....DD.....C.....C..
20 17 3 ....MM.......AA......DD....C.B...C.B
20 17 3 ..MM.........AA...DD.C.B...C.B......
19 16 3 MM...........AA...DD.......C.B...C.B
15 12 3 MM.C.....C..AA...B...DDB............
16 13 3 ...MM........AA....DD..B...C.B...C..
17 14 3 MM.......C..AA.C.....DD......B.....B
17 14 3 MM.C.....C...AA......DD......B.....B
18 15 3 MM.C.....C.BAA...BDD................
21 18 3 ....MM.......AA......CDD...C.B.....B
17 14 3 .MM..........AA.....DD.B...C.B...C..
20 17 3 ....MM......AA...BDD...B...C.....C..
20 17 3 MM.C.....C...AA...DD...B.....B......
23 20 3 MM...........AA....DDC.B...C.B......
14 11 3 ...MM....C..AA.C..DD.........B.....B
15 12 3 MM...B.....B.AA...DD.C.....C........
15 12 3 ...MM........AA...DD.C.....C.B.....B
17 14 3 .MM......C..AA.C...DD........B.....B
24 21 3 MM...B.....B.AA....DD......C.....C..
24 21 3 ....MM.......AA...DD...B...C.B...C..
18 15 3 .MMC.....C...AA.......DD.....B.....B
8 5 3 .MM..B.....BAA.C.....CDD............
10 7 3 ...CMM...C.BAA...B..DD..............
12 9 3 ...CMM...C..AA...B.DD..B............
14 11 3 ...MM......BAA...B..DD.....C.....C..
14 11 3 ....MM.....BAA...B...DD....C.....C..
15 12 3 MM..........AA...B...DDB...C.....C..
16 13 3 ..MM........AA...B..DD.B...C.....C..
11 8 3 ....MM.....BAA...B...CDD...C........
12 9 3 .MMC.....C.BAA...B....DD............
14 11 3 .MMC.....C..AA...B.DD..B............
14 11 3 ....MM.....BAA...BDD.C.....C........
13 10 3 .MM..B.....B.AA......CDD...C........
15 12 3 .MMC.B...C.B.AA....DD...............
12 9 3 ...MMB...C.BAA.C.....DD.............
12 9 3 .MM..B...C.BAA.C..DD................
12 9 3 MM.......C..AA.C..DD...B.....B......
13 10 3 .MM........BAA...B.DD......C.....C..
14 11 3 MM...B...C.BAA.C....DD..............
14 11 3 ..MM.....C..AA.C....DD.......B.....B
14 11 3 ....MM...C..AA.C......DD.....B.....B
14 11 3 .MM.........AA...BDD.C.B...C........
15 12 3 ....MM......AA.C..DD.C.B.....B......
15 12 3 ...MM........AA.......DD...C.B...C.B
15 12 3 ..MM.........AA.....DD.....C.B...C.B
17 14 3 ..MM.....C..AA.C...DD..B.....B......
17 14 3 ...MM....C..AA.C....DD.B.....B......
17 14 3 MM.........BAA...B.DDC.....C........
17 14 3 MM.........BAA...B....DD...C.....C..
17 14 3 ..MM.......BAA...BDD.......C.....C..
17 14 3 MM...B.....BAA.C...DDC..............
12 9 3 ...CMM...C...AA....DD..B.....B......
16 13 3 MM...........AA......DDB...C.B...C..
16 13 3 ..MM.B.....B.AA......DD....C.....C..
14 11 3 .MMC.....C...AA......DDB.....B......
13 10 3 MM.C.B...C.B.AA.......DD............
14 11 3 ...MM.......AA.C...DDC.B.....B......
15 12 3 ...MM.......AA...B.DDC.B...C........
15 12 3 ...MMB.....BAA.C..DD.C..............
16 13 3 .MM.........AA.C..DD.C.......B.....B
16 13 3 .MM......C..AA.C.....DDB.....B......
16 13 3 ..MM........AA.C.....CDD.....B.....B
16 13 3 ....MM.......AA....DDC.....C.B.....B
16 13 3 ..MM.B.....B.AA....DDC.....C........
18 15 3 ..MM........AA.C...DDC.......B.....B
15 12 3 ...CMM...C...AA......DD......B.....B
17 14 3 ...MMB.....B.AA.......DD...C.....C..
21 18 3 .MM..........AA......DD....C.B...C.B
21 18 3 .MM..........AA...DD.C.B...C.B......
16 13 3 MM.C.....C..AA...B..DD.B............
17 14 3 ..MM.........AA....DD..B...C.B...C..
18 15 3 MM.C.....C...AA.....DD.......B.....B
19 16 3 MM.C.....C.BAA...B...DD.............
22 19 3 ..MM.........AA......CDD...C.B.....B
18 15 3 ...MM........AA.....DD.B...C.B...C..
18 15 3 .MM..B.....B.AA.....DD.....C.....C..
21 18 3 ...MM.......AA...BDD...B...C.....C..
24 21 3 ...MM........AA....DDC.B...C.B......
24 21 3 MM.C.....C...AA....DD..B.....B......
16 13 3 ..MM.........AA...DD.C.....C.B.....B
16 13 3 ...MMB.....B.AA...DD.C.....C........
18 15 3 ...MM....C..AA.C...DD........B.....B
25 22 3 MM...........AA....DD......C.B...C.B
25 22 3 MM...B.....B.AA...DD.......C.....C..
25 22 3 ....MM.......AA...DD.......C.B...C.B
19 16 3 .MMC.....C...AA...DD.........B.....B
9 6 3 ..MM.B.....BAA.C.....CDD............
11 8 3 ...CMM...C.BAA...B...DD.............
13 10 3 ....MM......AA...B.DD..B...C.....C..
13 10 3 ...CMM...C..AA...B..DD.B............
16 13 3 .MM.........AA...B...DDB...C.....C..
17 14 3 MM..........AA...B..DD.B...C.....C..
12 9 3 ..MM.......BAA...B...CDD...C........
13 10 3 .MMC.....C.BAA...B..DD..............
15 12 3 .MMC.....C..AA...B...DDB............
15 12 3 ...MM......BAA...BDD.C.....C........
14 11 3 ..MM.B.....B.AA......CDD...C........
16 13 3 .MMC.B...C.B.AA.....DD..............
13 10 3 ..MM.B...C.BAA.C.....DD.............
13 10 3 ...MMB...C.BAA.C......DD............
13 10 3 .MM..B...C.BAA.C...DD...............
13 10 3 MM.......C..AA.C..DD.........B.....B
14 11 3 ...MM......BAA...B.DD......C.....C..
14 11 3 .MM........BAA...B..DD.....C.....C..
15 12 3 .MM......C..AA.C....DD.......B.....B
15 12 3 ....MM...C..AA.C.....DD......B.....B
15 12 3 ..MM........AA...BDD.C.B...C........
16 13 3 ..MM........AA.C..DD.C.B.....B......
16 13 3 ....MM...C..AA.C..DD...B.....B......
18 15 3 MM.......C..AA.C...DD..B.....B......
18 15 3 ..MM.....C..AA.C....DD.B.....B......
18 15 3 .MM........BAA...B.DDC.....C........
18 15 3 ....MM.....BAA...B....DD...C.....C..
18 15 3 MM.........BAA...B...DD....C.....C..
13 10 3 ...CMM...C...AA.....DD.B.....B......
17 14 3 ....MM.......AA......DDB...C.B...C..
14 11 3 MM.C.B...C.B.AA......DD.............
15 12 3 ....MM......AA.C...DDC.B.....B......
16 13 3 MM..........AA...B.DDC.B...C........
16 13 3 MM...B.....BAA.C..DD.C..............
17 14 3 ...MM.......AA.C..DD.C.......B.....B
17 14 3 ...MM....C..AA.C.....DDB.....B......
17 14 3 ....MM......AA.C.....CDD.....B.....B
17 14 3 .MM..........AA....DDC.....C.B.....B
17 14 3 MM...B.....B.AA....DDC.....C........
19 16 3 .MM.........AA.C...DDC.......B.....B
19 16 3 ..MM.B.....BAA.C...DDC..............
16 13 3 ...CMM...C...AA.......DD.....B.....B
18 15 3 ...MMB.....B.AA......DD....C.....C..
22 19 3 ..MM.........AA......DD....C.B...C.B
22 19 3 .MM..........AA.......DD...C.B...C.B
22 19 3 ....MM.......AA...DD.C.B...C.B......
22 19 3 .MM..........AA...DD...B...C.B...C..
17 14 3 MM.C.....C..AA...BDD...B............
18 15 3 ..MM.B.....B.AA....DD......C.....C..
19 16 3 MM.C.....C...AA.......DD.....B.....B
20 17 3 MM.C.....C.BAA...B....DD............
23 20 3 ...MM........AA......CDD...C.B.....B
19 16 3 ..MM.........AA.....DD.B...C.B...C..
19 16 3 ...MM........AA.....DD.....C.B...C.B
19 16 3 .MM..B.....B.AA.......DD...C.....C..
25 22 3 ..MM.........AA....DDC.B...C.B......
25 22 3 .MMC.....C...AA....DD..B.....B......
25 22 3 MM.C.....C...AA.....DD.B.....B......
17 14 3 MM...........AA...DD.C.....C.B.....B
17 14 3 ..MM.B.....B.AA...DD.C.....C........
19 16 3 ..MM.....C..AA.C...DD........B.....B
19 16 3 ...MM....C..AA.C......DD.....B.....B
26 23 3 MM...........AA....DD..B...C.B...C..
26 23 3 MM...B.....B.AA.....DD.....C.....C..
26 23 3 ....MM.......AA....DD......C.B...C.B
20 17 3 .MMC.....C...AA......DD......B.....B
10 7 3 MM...B.....BAA.C.....CDD............
12 9 3 ...CMM...C.BAA...B.DD...............
14 11 3 ..MM........AA...B.DD..B...C.....C..
14 11 3 ...CMM...C..AA...BDD...B............
17 14 3 ...MM.......AA...B...DDB...C.....C..
17 14 3 .MM.........AA...BDD...B...C.....C..
18 15 3 ....MM......AA...B..DD.B...C.....C..
13 10 3 .MM........BAA...B...CDD...C........
14 11 3 .MMC.....C.BAA...BDD................
16 13 3 MM.........BAA...BDD.C.....C........
15 12 3 MM...B.....B.AA......CDD...C........
17 14 3 .MMC.B...C.B.AA...DD................
14 11 3 MM...B...C.BAA.C.....DD.............
14 11 3 ..MM.B...C.BAA.C..DD................
14 11 3 ...MMB...C.BAA.C...DD...............
14 11 3 .MM..B...C.BAA.C......DD............
15 12 3 ...MM......BAA...BDD.......C.....C..
15 12 3 ..MM.......BAA...B..DD.....C.....C..
16 13 3 MM.......C..AA.C....DD.......B.....B
16 13 3 .MM......C..AA.C..DD.........B.....B
16 13 3 ...MM.......AA...BDD.C.B...C........
17 14 3 .MM.........AA.C..DD.C.B.....B......
19 16 3 .MM......C..AA.C...DD..B.....B......
19 16 3 ....MM...C..AA.C....DD.B.....B......
19 16 3 ..MM.......BAA...B.DDC.....C........
19 16 3 .MM........BAA...B...DD....C.....C..
16 13 3 MM..........AA.C...DDC.B.....B......
17 14 3 .MM.........AA...B.DDC.B...C........
18 15 3 ....MM......AA.C..DD.C.......B.....B
18 15 3 ..MM.....C..AA.C.....DDB.....B......
18 15 3 ...MM....C..AA.C..DD...B.....B......
18 15 3 .MM.........AA.C.....CDD.....B.....B
18 15 3 ...MM........AA....DDC.....C.B.....B
18 15 3 .MM..B.....B.AA....DDC.....C........
18 15 3 MM.C.B...C.B.AA....DD...............
20 17 3 ...MM.......AA.C...DDC.......B.....B
20 17 3 .MM..B.....BAA.C...DDC..............
17 14 3 ...CMM...C...AA...DD.........B.....B
19 16 3 ...MM........AA......DDB...C.B...C..
19 16 3 ...MMB.....B.AA...DD.......C.....C..
23 20 3 MM...........AA......DD....C.B...C.B
23 20 3 ..MM.........AA...DD.......C.B...C.B
23 20 3 ...MM........AA...DD.C.B...C.B......
18 15 3 MM.C.....C..AA...B.DD..B............
21 18 3 MM.C.....C.BAA...B..DD..............
24 21 3 .MM..........AA......CDD...C.B.....B
20 17 3 ....MM.......AA.....DD.B...C.B...C..
20 17 3 .MM..........AA.....DD.....C.B...C.B
20 17 3 .MM..B.....B.AA......DD....C.....C..
26 23 3 ....MM.......AA....DDC.B...C.B......
26 23 3 MM.C.....C...AA......DDB.....B......
18 15 3 .MM..........AA...DD.C.....C.B.....B
18 15 3 MM.C.....C...AA...DD.........B.....B
20 17 3 ....MM...C..AA.C...DD........B.....B
20 17 3 ...MM....C..AA.C.....DD......B.....B
27 24 3 .MM..........AA....DD..B...C.B...C..
27 24 3 MM...........AA...DD...B...C.B...C..
27 24 3 ..MM.B.....B.AA.....DD.....C.....C..
27 24 3 ....MM.......AA.......DD...C.B...C.B
21 18 3 .MMC.....C...AA.....DD.......B.....B
13 10 3 ....MM.....BAA...B.DD......C.....C..
15 12 3 ...CMM...C.BAA...BDD................
18 15 3 ..MM........AA...BDD...B...C.....C..
19 16 3 ...MM.......AA...B..DD.B...C.....C..
19 16 3 ....MM......AA...B...DDB...C.....C..
14 11 3 MM.........BAA...B...CDD...C........
15 12 3 .MMC.....C..AA...BDD...B............
15 12 3 .MMC.....C.BAA...B.DD...............
17 14 3 .MM........BAA...BDD.C.....C........
16 13 3 MM...B.....B.AA.......DD...C.....C..
18 15 3 .MMC.....C...AA...DD...B.....B......
18 15 3 .MMC.B...C.B.AA.......DD............
15 12 3 MM...B...C.BAA.C..DD................
15 12 3 ..MM.B...C.BAA.C....DD..............
16 13 3 MM.........BAA...BDD.......C.....C..
16 13 3 ...MM......BAA...B....DD...C.....C..
17 14 3 MM.......C..AA.C......DD.....B.....B
17 14 3 ..MM.....C..AA.C..DD.........B.....B
17 14 3 ....MM......AA...BDD.C.B...C........
20 17 3 MM.......C..AA.C....DD.B.....B......
20 17 3 ..MM.......BAA...B...DD....C.....C..
17 14 3 ..MM........AA.C...DDC.B.....B......
17 14 3 MM..........AA.C..DD.C.B.....B......
18 15 3 .MM.........AA...B.DD..B...C.....C..
19 16 3 .MM......C..AA.C..DD...B.....B......
19 16 3 MM...........AA....DDC.....C.B.....B
19 16 3 ...MM........AA....DD......C.B...C.B
21 18 3 MM..........AA.C...DDC.......B.....B
21 18 3 .MM..B.....BAA.C..DD.C..............
18 15 3 ...CMM...C...AA...DD...B.....B......
18 15 3 ...CMM...C...AA....DD........B.....B
25 22 3 MM...........AA......CDD...C.B.....B
21 18 3 MM...........AA.....DD.....C.B...C.B
19 16 3 ....MM.......AA...DD.C.....C.B.....B
19 16 3 .MM..B.....B.AA...DD.C.....C........
19 16 3 .MM..........AA...DD.......C.B...C.B
19 16 3 MM.C.B...C.B.AA...DD................
21 18 3 ....MM...C..AA.C...DD..B.....B......
21 18 3 .MM......C..AA.C.....DD......B.....B
21 18 3 ...MM....C..AA.C....DD.......B.....B
28 25 3 ....MM.......AA....DD..B...C.B...C..
28 25 3 .MM..B.....B.AA....DD......C.....C..
28 25 3 .MM..........AA....DDC.B...C.B......
28 25 3 .MM..........AA......DDB...C.B...C..
28 25 3 ..MM.........AA...DD...B...C.B...C..
28 25 3 MM...........AA...DD.C.B...C.B......
22 19 3 .MMC.....C...AA....DD........B.....B
14 11 3 ....MM.....BAA...B.DDC.....C........
16 13 3 MM.C.....C.BAA...B.DD...............
17 14 3 MM...B.....B.AA......DD....C.....C..
16 13 3 ...MMB...C.BAA.C..DD................
16 13 3 MM...B...C.BAA.C......DD............
16 13 3 .MM..B...C.BAA.C....DD..............
16 13 3 ..MM.B...C.BAA.C...DD...............
17 14 3 ....MM.....BAA...BDD.......C.....C..
17 14 3 MM..........AA...BDD...B...C.....C..
17 14 3 MM.........BAA...B..DD.....C.....C..
17 14 3 .MM........BAA...B....DD...C.....C..
18 15 3 MM..........AA.C.....CDD.....B.....B
18 15 3 ....MM...C..AA.C..DD.........B.....B
18 15 3 ..MM........AA.C..DD.C.......B.....B
21 18 3 MM.......C..AA.C.....DDB.....B......
21 18 3 ..MM.......BAA...B.DD......C.....C..
20 17 3 ..MM.........AA....DD......C.B...C.B
20 17 3 ...MM........AA......DD....C.B...C.B
22 19 3 MM.......C..AA.C...DD........B.....B
22 19 3 ....MM.......AA.....DD.....C.B...C.B
22 19 3 MM...........AA.....DD.B...C.B...C..
22 19 3 MM...........AA.......DD...C.B...C.B
22 19 3 ..MM.....C..AA.C.....DD......B.....B
22 19 3 .MM......C..AA.C......DD.....B.....B
29 26 3 ...MMB.....B.AA....DD......C.....C..
29 26 3 ...MM........AA...DD...B...C.B...C..
29 26 3 ..MM.B.....B.AA...DD.......C.....C..
23 20 3 MM.C.....C...AA....DD........B.....B
15 12 3 ....MM......AA...B.DDC.B...C........
18 15 3 MM..........AA...B.DD..B...C.....C..
30 27 3 ...MM........AA...DD.......C.B...C.B
18 14 4 ..MM........AA........DD...C.B...C.B
21 17 4 MM.C.....C..AA.......DD......B.....B
26 22 4 ...MM.......AA.....DDC.B...C.B......
11 7 4 ..MM.B.....BAA........DD...C.....C..
13 9 4 ...CMM...C..AA.......DDB.....B......
15 11 4 ...CMM...C..AA......DD.......B.....B
15 11 4 .MMC.....C..AA......DD.B.....B......
17 13 4 .MMC.B...C.BAA.......DD.............
15 11 4 ...MMB.....BAA.......CDD...C........
16 12 4 .MM..B.....BAA......DD.....C.....C..
18 14 4 ..MM........AA....DD.C.B...C.B......
20 16 4 MM..........AA.......DDB...C.B...C..
19 15 4 ....MM......AA.......CDD...C.B.....B
19 15 4 MM...B.....BAA.....DDC.....C........
19 15 4 ...MMB.....BAA.......DD....C.....C..
18 14 4 MM..........AA....DD.C.....C.B.....B
17 13 4 ..MM........AA......DD.B...C.B...C..
21 17 4 ..MM........AA.....DDC.....C.B.....B
21 17 4 .MM.........AA.......DD....C.B...C.B
23 19 4 MM.C.B...C.BAA......DD..............
15 11 4 ....MM......AA.....DD......C.B...C.B
21 17 4 ...MM.......AA......DD.....C.B...C.B
17 13 4 .MMC.....C..AA....DD.........B.....B
19 15 4 MM.C.....C..AA....DD...B.....B......
20 16 4 .MM.........AA.....DD..B...C.B...C..
21 17 4 .MM..B.....BAA....DD.C.....C........
19 15 4 ....MM......AA....DD...B...C.B...C..
19 15 4 MM...B.....BAA....DD.......C.....C..
19 15 4 MM..........AA........DD...C.B...C.B
19 15 4 ..MM........AA....DD.......C.B...C.B
22 18 4 MM.C.....C..AA.....DD........B.....B
27 23 4 ....MM......AA.....DDC.B...C.B......
12 8 4 ..MM.B.....BAA.....DD......C.....C..
16 12 4 ...CMM...C..AA......DD.B.....B......
16 12 4 ...CMM...C..AA.......DD......B.....B
18 14 4 .MMC.....C..AA.......DDB.....B......
18 14 4 .MMC.B...C.BAA........DD............
16 12 4 ..MM.B.....BAA.......CDD...C........
19 15 4 ...MM.......AA....DD.C.B...C.B......
20 16 4 ...MM.......AA.......CDD...C.B.....B
20 16 4 ...MMB.....BAA.....DDC.....C........
20 16 4 ...MM.......AA.......DDB...C.B...C..
20 16 4 ...MMB.....BAA........DD...C.....C..
19 15 4 ....MM......AA....DD.C.....C.B.....B
18 14 4 MM..........AA......DD.B...C.B...C..
22 18 4 .MM.........AA.....DDC.....C.B.....B
22 18 4 .MM..B.....BAA.......DD....C.....C..
24 20 4 MM.C.B...C.BAA.......DD.............
16 12 4 ....MM......AA.......DD....C.B...C.B
22 18 4 .MM.........AA......DD.....C.B...C.B
22 18 4 ...MM.......AA.....DD......C.B...C.B
18 14 4 .MMC.....C..AA......DD.......B.....B
20 16 4 MM.C.....C..AA......DD.B.....B......
22 18 4 ..MM.B.....BAA....DD.C.....C........
20 16 4 .MM.........AA....DD...B...C.B...C..
20 16 4 MM..........AA....DD.......C.B...C.B
23 19 4 MM.C.....C..AA........DD.....B.....B
28 24 4 ..MM........AA.....DDC.B...C.B......
28 24 4 ....MM......AA.....DD..B...C.B...C..
13 9 4 MM...B.....BAA.....DD......C.....C..
13 9 4 ..MM.B.....BAA......DD.....C.....C..
17 13 4 ...CMM...C..AA....DD...B.....B......
17 13 4 ...CMM...C..AA........DD.....B.....B
19 15 4 .MMC.....C..AA.....DD..B.....B......
19 15 4 .MMC.B...C.BAA....DD................
17 13 4 .MM..B.....BAA.......CDD...C........
20 16 4 MM..........AA....DD.C.B...C.B......
21 17 4 ..MM........AA.......CDD...C.B.....B
21 17 4 ..MM........AA.......DDB...C.B...C..
21 17 4 ...MMB.....BAA....DD.......C.....C..
20 16 4 ...MM.......AA....DD.C.....C.B.....B
19 15 4 ...MM.......AA......DD.B...C.B...C..
23 19 4 ....MM......AA.....DDC.....C.B.....B
23 19 4 .MM..B.....BAA.....DDC.....C........
25 21 4 MM.C.B...C.BAA........DD............
23 19 4 ....MM......AA......DD.....C.B...C.B
23 19 4 .MM.........AA........DD...C.B...C.B
23 19 4 ..MM........AA.....DD......C.B...C.B
23 19 4 ...MM.......AA.......DD....C.B...C.B
19 15 4 .MMC.....C..AA.......DD......B.....B
21 17 4 MM.C.....C..AA.......DDB.....B......
24 20 4 MM.C.....C..AA......DD.......B.....B
14 10 4 MM..........AA.....DD..B...C.B...C..
14 10 4 MM...B.....BAA.......DD....C.....C..
18 14 4 ...CMM...C..AA.....DD..B.....B......
18 14 4 ...CMM...C..AA....DD.........B.....B
20 16 4 .MMC.....C..AA....DD...B.....B......
20 16 4 .MMC.B...C.BAA......DD..............
18 14 4 .MM..B.....BAA........DD...C.....C..
21 17 4 ....MM......AA....DD.C.B...C.B......
21 17 4 MM...B.....BAA....DD.C.....C........
22 18 4 MM..........AA.......CDD...C.B.....B
22 18 4 ....MM......AA.......DDB...C.B...C..
22 18 4 ..MM........AA....DD...B...C.B...C..
22 18 4 ...MMB.....BAA.....DD......C.....C..
21 17 4 ..MM........AA....DD.C.....C.B.....B
20 16 4 .MM.........AA......DD.B...C.B...C..
24 20 4 ...MM.......AA.....DDC.....C.B.....B
24 20 4 ..MM.B.....BAA.....DDC.....C........
24 20 4 .MM.........AA.....DDC.B...C.B......
26 22 4 MM...B.....BAA.......CDD...C........
26 22 4 MM.C.B...C.BAA.....DD...............
24 20 4 MM..........AA......DD.....C.B...C.B
24 20 4 ....MM......AA........DD...C.B...C.B
24 20 4 .MM.........AA....DD.......C.B...C.B
24 20 4 ..MM........AA.......DD....C.B...C.B
20 16 4 .MMC.....C..AA........DD.....B.....B
25 21 4 MM.C.....C..AA....DD.........B.....B
19 15 4 ...CMM...C..AA.....DD........B.....B
22 18 4 ...MMB.....BAA....DD.C.....C........
23 19 4 ...MM.......AA....DD...B...C.B...C..
23 19 4 ..MM.B.....BAA....DD.......C.....C..
23 19 4 ..MM........AA.....DD..B...C.B...C..
23 19 4 .MM..B.....BAA.....DD......C.....C..
23 19 4 ...MMB.....BAA......DD.....C.....C..
21 17 4 ....MM......AA......DD.B...C.B...C..
21 17 4 .MM.........AA.......DDB...C.B...C..
25 21 4 MM..........AA.....DDC.....C.B.....B
25 21 4 .MM.........AA....DD.C.B...C.B......
27 23 4 MM...B.....BAA........DD...C.....C..
27 23 4 MM.C.....C..AA.....DD..B.....B......
25 21 4 ...MM.......AA........DD...C.B...C.B
25 21 4 ....MM......AA....DD.......C.B...C.B
25 21 4 MM..........AA.......DD....C.B...C.B
25 21 4 ..MM........AA......DD.....C.B...C.B
21 17 4 .MM.........AA.......CDD...C.B.....B
21 17 4 .MMC.....C..AA.....DD........B.....B
26 22 4 MM.C.B...C.BAA....DD................
24 20 4 MM..........AA....DD...B...C.B...C..
24 20 4 ..MM.B.....BAA.......DD....C.....C..
24 20 4 ...MM.......AA.....DD..B...C.B...C..
24 20 4 .MM..B.....BAA....DD.......C.....C..
26 22 4 .MM.........AA....DD.C.....C.B.....B
28 24 4 MM...B.....BAA......DD.....C.....C..
28 24 4 MM..........AA.....DDC.B...C.B......
26 22 4 ...MM.......AA....DD.......C.B...C.B
26 22 4 MM..........AA.....DD......C.B...C.B
22 18 4 .MMC.B...C.BAA.....DD...............
27 23 4 .MM.........AA.....DD......C.B...C.B
