0 0 0 ....MM.....BAA.C.B...CDD............
1 1 0 ...MM......BAA.C.B...CDD............
1 1 0 ..MM.......BAA.C.B...CDD............
1 1 0 .MM........BAA.C.B...CDD............
1 1 0 MM.........BAA.C.B...CDD............
1 1 0 ....MM.....B.AAC.B...CDD............
1 1 0 ....MM...C.BAA.C.B....DD............
1 1 0 ...CMM...C.BAA...B....DD............
1 1 0 ....MM.....BAA...B...CDD...C........
1 1 0 ....MM.....BAA...B....DD...C.....C..
2 2 0 ...MMB.....BAA.C.....CDD............
2 2 0 ..MM.B.....BAA.C.....CDD............
2 2 0 .MM..B.....BAA.C.....CDD............
2 2 0 .MMC.....C.BAA...B....DD............
2 2 0 MM...B.....BAA.C.....CDD............
2 2 0 MM.C.....C.BAA...B....DD............
2 2 0 ...MM......B.AAC.B...CDD............
2 2 0 ..MM.......B.AAC.B...CDD............
2 2 0 .MM........B.AAC.B...CDD............
2 2 0 MM.........B.AAC.B...CDD............
2 2 0 ...MM....C.BAA.C.B....DD............
2 2 0 ..MM.....C.BAA.C.B....DD............
2 2 0 .MM......C.BAA.C.B....DD............
2 2 0 MM.......C.BAA.C.B....DD............
2 2 0 ....MM...C.B.AAC.B....DD............
2 2 0 ....MM...C.BAA.C.B...DD.............
2 2 0 ....MM...C.BAA.C.B..DD..............
2 2 0 ....MM...C.BAA.C.B.DD...............
2 2 0 ....MM...C.BAA.C.BDD................
2 2 0 ...CMM...C.B.AA..B....DD............
2 2 0 ...CMM...C.B..AA.B....DD............
2 2 0 ...CMM...C.B...AAB....DD............
2 2 0 ...CMM...C.BAA...B...DD.............
2 2 0 ...CMM...C.BAA...B..DD..............
2 2 0 ...CMM...C.BAA...B.DD...............
2 2 0 ...CMM...C.BAA...BDD................
2 2 0 ...MM......BAA...B...CDD...C........
2 2 0 ..MM.......BAA...B...CDD...C........
2 2 0 .MM........BAA...B...CDD...C........
2 2 0 MM.........BAA...B...CDD...C........
2 2 0 ....MM.....B.AA..B...CDD...C........
2 2 0 ....MM.....B..AA.B...CDD...C........
2 2 0 ....MM.....B...AAB...CDD...C........
2 2 0 ...MM......BAA...B....DD...C.....C..
2 2 0 ..MM.......BAA...B....DD...C.....C..
2 2 0 .MM........BAA...B....DD...C.....C..
2 2 0 MM.........BAA...B....DD...C.....C..
2 2 0 ....MM.....B.AA..B....DD...C.....C..
2 2 0 ....MM.....B..AA.B....DD...C.....C..
2 2 0 ....MM.....B...AAB....DD...C.....C..
2 2 0 ....MM.....BAA...B...DD....C.....C..
2 2 0 ....MM.....BAA...B..DD.....C.....C..
2 2 0 ....MM.....BAA...B.DD......C.....C..
2 2 0 ....MM.....BAA...BDD.......C.....C..
3 3 0 .MMC.B...C.BAA........DD............
3 3 0 .MMC.....C.B..AA.B....DD............
3 3 0 .MMC.....C.B...AAB....DD............
3 3 0 .MMC.....C.BAA...B...DD.............
3 3 0 .MMC.....C.BAA...B..DD..............
3 3 0 .MMC.....C.BAA...B.DD...............
3 3 0 .MMC.....C.BAA...BDD................
3 3 0 MM.C.B...C.BAA........DD............
3 3 0 MM.C.....C.B..AA.B....DD............
3 3 0 MM.C.....C.B...AAB....DD............
3 3 0 MM.C.....C.BAA...B...DD.............
3 3 0 MM.C.....C.BAA...B..DD..............
3 3 0 MM.C.....C.BAA...B.DD...............
3 3 0 MM.C.....C.BAA...BDD................
3 3 0 ...MMB.....B.AAC.....CDD............
3 3 0 ..MM.B.....B.AAC.....CDD............
3 3 0 .MM..B.....B.AAC.....CDD............
3 3 0 .MMC.....C.B.AA..B....DD............
3 3 0 MM...B.....B.AAC.....CDD............
3 3 0 MM.C.....C.B.AA..B....DD............
3 3 0 ...MMB...C.BAA.C......DD............
3 3 0 ..MM.B...C.BAA.C......DD............
3 3 0 .MM..B...C.BAA.C......DD............
3 3 0 MM...B...C.BAA.C......DD............
3 3 0 ...MM....C.B.AAC.B....DD............
3 3 0 ..MM.....C.B.AAC.B....DD............
3 3 0 .MM......C.B.AAC.B....DD............
3 3 0 MM.......C.B.AAC.B....DD............
3 3 0 ...MM....C.BAA.C.B...DD.............
3 3 0 ..MM.....C.BAA.C.B...DD.............
3 3 0 .MM......C.BAA.C.B...DD.............
3 3 0 MM.......C.BAA.C.B...DD.............
3 3 0 ....MM...C..AA.C.B...DDB............
3 3 0 ....MM...C..AA.C.....DDB.....B......
3 3 0 ....MM...C..AA.C.....DD......B.....B
3 3 0 ....MM...C.B.AAC.B...DD.............
3 3 0 ...MM....C.BAA.C.B..DD..............
3 3 0 ..MM.....C.BAA.C.B..DD..............
3 3 0 .MM......C.BAA.C.B..DD..............
3 3 0 MM.......C.BAA.C.B..DD..............
3 3 0 ....MM...C..AA.C.B..DD.B............
3 3 0 ....MM...C..AA.C....DD.B.....B......
3 3 0 ....MM...C..AA.C....DD.......B.....B
3 3 0 ....MM...C.B.AAC.B..DD..............
3 3 0 ...MM....C.BAA.C.B.DD...............
3 3 0 ..MM.....C.BAA.C.B.DD...............
3 3 0 .MM......C.BAA.C.B.DD...............
3 3 0 MM.......C.BAA.C.B.DD...............
3 3 0 ....MM...C..AA.C.B.DD..B............
3 3 0 ....MM...C..AA.C...DD..B.....B......
3 3 0 ....MM...C..AA.C...DD........B.....B
3 3 0 ....MM...C.B.AAC.B.DD...............
3 3 0 ...MM....C.BAA.C.BDD................
3 3 0 ..MM.....C.BAA.C.BDD................
3 3 0 .MM......C.BAA.C.BDD................
3 3 0 MM.......C.BAA.C.BDD................
3 3 0 ....MM...C..AA.C.BDD...B............
3 3 0 ....MM...C..AA.C..DD...B.....B......
3 3 0 ....MM...C..AA.C..DD.........B.....B
3 3 0 ....MM...C.B.AAC.BDD................
3 3 0 ...CMM...C..AA...B...DDB............
3 3 0 ...CMM...C..AA.......DDB.....B......
3 3 0 ...CMM...C..AA.......DD......B.....B
3 3 0 ...CMM...C.B.AA..B...DD.............
3 3 0 ...CMM...C.B..AA.B...DD.............
3 3 0 ...CMM...C.B...AAB...DD.............
3 3 0 ...CMM...C..AA...B..DD.B............
3 3 0 ...CMM...C..AA......DD.B.....B......
3 3 0 ...CMM...C..AA......DD.......B.....B
3 3 0 ...CMM...C.B.AA..B..DD..............
3 3 0 ...CMM...C.B..AA.B..DD..............
3 3 0 ...CMM...C.B...AAB..DD..............
3 3 0 ...CMM...C..AA...B.DD..B............
3 3 0 ...CMM...C..AA.....DD..B.....B......
3 3 0 ...CMM...C..AA.....DD........B.....B
3 3 0 ...CMM...C.B.AA..B.DD...............
3 3 0 ...CMM...C.B..AA.B.DD...............
3 3 0 ...CMM...C.B...AAB.DD...............
3 3 0 ...CMM...C..AA...BDD...B............
3 3 0 ...CMM...C..AA....DD...B.....B......
3 3 0 ...CMM...C..AA....DD.........B.....B
3 3 0 ...CMM...C.B.AA..BDD................
3 3 0 ...CMM...C.B..AA.BDD................
3 3 0 ...CMM...C.B...AABDD................
3 3 0 ...MMB.....BAA.......CDD...C........
3 3 0 ..MM.B.....BAA.......CDD...C........
3 3 0 .MM..B.....BAA.......CDD...C........
3 3 0 MM...B.....BAA.......CDD...C........
3 3 0 ...MM......B.AA..B...CDD...C........
3 3 0 ..MM.......B.AA..B...CDD...C........
3 3 0 .MM........B.AA..B...CDD...C........
3 3 0 MM.........B.AA..B...CDD...C........
3 3 0 ...MM......B..AA.B...CDD...C........
3 3 0 ..MM.......B..AA.B...CDD...C........
3 3 0 .MM........B..AA.B...CDD...C........
3 3 0 MM.........B..AA.B...CDD...C........
3 3 0 ...MM......B...AAB...CDD...C........
3 3 0 ..MM.......B...AAB...CDD...C........
3 3 0 .MM........B...AAB...CDD...C........
3 3 0 MM.........B...AAB...CDD...C........
3 3 0 ...MMB.....BAA........DD...C.....C..
3 3 0 ..MM.B.....BAA........DD...C.....C..
3 3 0 .MM..B.....BAA........DD...C.....C..
3 3 0 MM...B.....BAA........DD...C.....C..
3 3 0 ...MM......B.AA..B....DD...C.....C..
3 3 0 ..MM.......B.AA..B....DD...C.....C..
3 3 0 .MM........B.AA..B....DD...C.....C..
3 3 0 MM.........B.AA..B....DD...C.....C..
3 3 0 ...MM......B..AA.B....DD...C.....C..
3 3 0 ..MM.......B..AA.B....DD...C.....C..
3 3 0 .MM........B..AA.B....DD...C.....C..
3 3 0 MM.........B..AA.B....DD...C.....C..
3 3 0 ...MM......B...AAB....DD...C.....C..
3 3 0 ..MM.......B...AAB....DD...C.....C..
3 3 0 .MM........B...AAB....DD...C.....C..
3 3 0 MM.........B...AAB....DD...C.....C..
3 3 0 ...MM......BAA...B...DD....C.....C..
3 3 0 ..MM.......BAA...B...DD....C.....C..
3 3 0 .MM........BAA...B...DD....C.....C..
3 3 0 MM.........BAA...B...DD....C.....C..
3 3 0 ....MM......AA...B...DDB...C.....C..
3 3 0 ....MM......AA.......DDB...C.B...C..
3 3 0 ....MM......AA.......DD....C.B...C.B
3 3 0 ....MM.....B.AA..B...DD....C.....C..
3 3 0 ....MM.....B..AA.B...DD....C.....C..
3 3 0 ....MM.....B...AAB...DD....C.....C..
3 3 0 ...MM......BAA...B..DD.....C.....C..
3 3 0 ..MM.......BAA...B..DD.....C.....C..
3 3 0 .MM........BAA...B..DD.....C.....C..
3 3 0 MM.........BAA...B..DD.....C.....C..
3 3 0 ....MM......AA...B..DD.B...C.....C..
3 3 0 ....MM......AA......DD.B...C.B...C..
3 3 0 ....MM......AA......DD.....C.B...C.B
3 3 0 ....MM.....B.AA..B..DD.....C.....C..
3 3 0 ....MM.....B..AA.B..DD.....C.....C..
3 3 0 ....MM.....B...AAB..DD.....C.....C..
3 3 0 ...MM......BAA...B.DD......C.....C..
3 3 0 ..MM.......BAA...B.DD......C.....C..
3 3 0 .MM........BAA...B.DD......C.....C..
3 3 0 MM.........BAA...B.DD......C.....C..
3 3 0 ....MM......AA...B.DD..B...C.....C..
3 3 0 ....MM......AA.....DD..B...C.B...C..
3 3 0 ....MM......AA.....DD......C.B...C.B
3 3 0 ....MM.....B.AA..B.DD......C.....C..
3 3 0 ....MM.....B..AA.B.DD......C.....C..
3 3 0 ....MM.....B...AAB.DD......C.....C..
3 3 0 ....MM.....BAA...B.DDC.....C........
3 3 0 ....MM.....BAA.C.B.DDC..............
3 3 0 ...MM......BAA...BDD.......C.....C..
3 3 0 ..MM.......BAA...BDD.......C.....C..
3 3 0 .MM........BAA...BDD.......C.....C..
3 3 0 MM.........BAA...BDD.......C.....C..
3 3 0 ....MM......AA...BDD...B...C.....C..
3 3 0 ....MM......AA....DD...B...C.B...C..
3 3 0 ....MM......AA....DD.......C.B...C.B
3 3 0 ....MM.....B.AA..BDD.......C.....C..
3 3 0 ....MM.....B..AA.BDD.......C.....C..
3 3 0 ....MM.....B...AABDD.......C.....C..
3 3 0 ....MM.....BAA...BDD.C.....C........
3 3 0 ....MM.....BAA.C.BDD.C..............
4 4 0 .MMC.B...C.B....AA....DD............